Reading	X	Y	Z	L*	a*	b*	380.000	390.000	400.000	410.000	420.000	430.000	440.000	450.000	460.000	470.000	480.000	490.000	500.000	510.000	520.000	530.000	540.000	550.000	560.000	570.000	580.000	590.000	600.000	610.000	620.000	630.000	640.000	650.000	660.000	670.000	680.000	690.000	700.000	710.000	720.000	730.000
1	0.518552	0.523352	0.564247	4.727416	0.562708	-2.502170	0.557792	0.557795	0.557799	0.557803	0.557896	0.70477	0.735167	0.732446	0.708776	0.674848	0.655445	0.625314	0.58578	0.557526	0.544337	0.52122	0.503726	0.494913	0.496993	0.50554	0.510029	0.519659	0.525282	0.51326	0.50283	0.499618	0.512897	0.522091	0.533189	0.536761	0.565529	0.610338	0.672648	0.761419	0.892498	1.06526
2	0.520629	0.525323	0.566743	4.745220	0.569816	-2.518604	0.548116	0.548102	0.548088	0.548072	0.548155	0.710925	0.738948	0.736133	0.710614	0.679709	0.659301	0.629036	0.591614	0.56378	0.546337	0.524854	0.502783	0.49524	0.497083	0.50674	0.511263	0.522921	0.527478	0.515495	0.502515	0.502983	0.515629	0.522398	0.540014	0.562674	0.582938	0.626567	0.671016	0.772977	0.876031	1.03749
3	0.521272	0.526181	0.566430	4.752975	0.562381	-2.499312	0.559118	0.559119	0.55912	0.559122	0.559213	0.706754	0.739407	0.736114	0.711261	0.676309	0.656037	0.627082	0.590558	0.564228	0.548119	0.52445	0.504919	0.497624	0.497773	0.508329	0.514072	0.522796	0.5274	0.515018	0.50253	0.501093	0.517409	0.529791	0.536543	0.558831	0.590552	0.648244	0.692159	0.755594	0.8931	1.05105
4	0.522927	0.527261	0.570344	4.762727	0.587158	-2.556391	0.607415	0.607481	0.607552	0.607629	0.607776	0.714296	0.739485	0.737889	0.712222	0.679026	0.65472	0.629945	0.593498	0.563426	0.546608	0.526354	0.506278	0.49849	0.499139	0.510281	0.514401	0.524692	0.530039	0.515115	0.504558	0.504228	0.515187	0.525536	0.539784	0.553886	0.585645	0.637196	0.678071	0.758369	0.875915	1.10066
5	0.525505	0.530495	0.570778	4.791943	0.565331	-2.514217	0.573705	0.573721	0.573739	0.573758	0.573865	0.717458	0.740688	0.737494	0.713725	0.685146	0.664546	0.631168	0.598246	0.564121	0.551785	0.527499	0.507332	0.500319	0.505117	0.514346	0.520984	0.528485	0.532227	0.517754	0.505744	0.5024	0.519752	0.531175	0.544269	0.565696	0.588478	0.629261	0.663232	0.764541	0.912234	1.05915
6	0.528089	0.532969	0.572016	4.814286	0.573375	-2.499074	0.564433	0.564434	0.564434	0.564434	0.564525	0.715252	0.747624	0.744319	0.718513	0.682176	0.659249	0.631017	0.598822	0.567697	0.551781	0.529799	0.511986	0.502588	0.507115	0.516716	0.523119	0.532067	0.536528	0.524127	0.508496	0.50644	0.519744	0.530713	0.538992	0.559784	0.577292	0.619601	0.672649	0.757321	0.892086	1.0707
7	0.536132	0.541375	0.579535	4.890216	0.570883	-2.510111	0.585682	0.585701	0.585721	0.585743	0.585846	0.718245	0.755538	0.750638	0.727707	0.692474	0.671133	0.641681	0.606415	0.578273	0.564672	0.536995	0.517076	0.509516	0.513604	0.527023	0.532765	0.542271	0.544363	0.531218	0.517851	0.513449	0.528612	0.5386	0.543012	0.564493	0.583677	0.631069	0.674241	0.777438	0.899568	1.07102
8	0.547201	0.551814	0.591737	4.984511	0.611392	-2.577919	0.631574	0.63164	0.631712	0.631791	0.631933	0.730645	0.767428	0.763009	0.739015	0.703546	0.689557	0.659859	0.61802	0.589593	0.572328	0.548618	0.528843	0.517632	0.518425	0.537812	0.545051	0.552105	0.55295	0.545157	0.528577	0.524523	0.536783	0.549347	0.572042	0.583643	0.604979	0.663094	0.720699	0.792216	0.910385	1.13285
9	0.554041	0.560031	0.592574	5.058740	0.567664	-2.465723	0.535758	0.535684	0.535603	0.535516	0.535541	0.730121	0.777566	0.772956	0.750912	0.711924	0.690289	0.658128	0.628828	0.59793	0.584154	0.558848	0.536803	0.523171	0.524547	0.546345	0.554715	0.562891	0.561604	0.551186	0.538618	0.53288	0.547609	0.561701	0.566868	0.58586	0.609692	0.671886	0.720702	0.771777	0.896732	1.07307
10	0.561360	0.568923	0.603377	5.139057	0.517019	-2.531205	0.571075	0.571037	0.570995	0.57095	0.571004	0.740023	0.788547	0.784083	0.755402	0.728885	0.7094	0.676821	0.636009	0.608797	0.593529	0.56654	0.547924	0.534255	0.535728	0.554022	0.564566	0.569596	0.568923	0.558851	0.542169	0.537189	0.549318	0.562316	0.567529	0.576101	0.609429	0.662454	0.697235	0.766802	0.908097	1.11521
11	0.576746	0.583450	0.618177	5.270282	0.572670	-2.584378	0.610335	0.610331	0.610326	0.610322	0.610411	0.766858	0.803349	0.799444	0.769888	0.744421	0.726928	0.691125	0.653519	0.623777	0.607859	0.582582	0.561	0.542694	0.547015	0.568323	0.580736	0.58922	0.583898	0.574062	0.557296	0.552712	0.566224	0.582739	0.5881	0.5988	0.631401	0.68048	0.717269	0.820598	0.954068	1.09656
12	0.595429	0.602804	0.639530	5.445105	0.573564	-2.686110	0.649226	0.649247	0.649271	0.649296	0.649405	0.785867	0.82774	0.822399	0.796703	0.77146	0.753374	0.721894	0.681491	0.649888	0.630956	0.600157	0.576705	0.557039	0.562109	0.586918	0.606037	0.610444	0.604267	0.586642	0.575956	0.570358	0.580853	0.595453	0.609407	0.623983	0.655527	0.711981	0.764924	0.853161	0.976394	1.17945
13	0.609189	0.618851	0.651793	5.590059	0.504383	-2.667713	0.660075	0.660091	0.660109	0.660129	0.660232	0.798392	0.841472	0.836469	0.812356	0.78274	0.772208	0.745997	0.700024	0.6734	0.650121	0.62002	0.591904	0.572645	0.576386	0.602343	0.619236	0.624747	0.619417	0.603463	0.59094	0.5826	0.593777	0.605515	0.612074	0.638299	0.656265	0.72938	0.756713	0.837415	1.00319	1.16552
14	0.622753	0.634080	0.664072	5.727625	0.459151	-2.662357	0.643604	0.643578	0.64355	0.64352	0.64359	0.81384	0.858802	0.852452	0.828319	0.801025	0.790855	0.764643	0.718087	0.692305	0.667427	0.637491	0.603463	0.587147	0.592226	0.615965	0.635793	0.642265	0.635192	0.614763	0.604635	0.594428	0.602271	0.619065	0.619505	0.651546	0.67887	0.723227	0.786854	0.829701	0.959384	1.18296
15	0.638839	0.650267	0.678203	5.873836	0.478519	-2.677064	0.66732	0.667306	0.667291	0.667275	0.667352	0.825404	0.874831	0.868812	0.847333	0.819048	0.809829	0.784395	0.729115	0.704228	0.678992	0.653594	0.620294	0.601038	0.60817	0.634468	0.655284	0.666036	0.653228	0.627763	0.616886	0.61222	0.617299	0.626806	0.640762	0.662224	0.677731	0.720441	0.79649	0.8686	0.987861	1.16135
16	0.656176	0.669286	0.695021	6.045632	0.438105	-2.698366	0.65504	0.654984	0.654922	0.654855	0.6549	0.847787	0.898331	0.892897	0.871631	0.841711	0.825577	0.806225	0.749971	0.727945	0.704032	0.673642	0.63519	0.619394	0.627664	0.655594	0.671946	0.684715	0.67241	0.645859	0.634077	0.625089	0.626271	0.646013	0.662213	0.675385	0.700887	0.744816	0.807438	0.883357	0.979842	1.17853
17	0.676410	0.691026	0.715614	6.242008	0.408707	-2.748584	0.697467	0.69744	0.69741	0.697379	0.697446	0.867053	0.917139	0.91515	0.895807	0.869014	0.855075	0.828651	0.784463	0.759527	0.730825	0.69514	0.655448	0.635762	0.644096	0.675542	0.695236	0.709068	0.695577	0.666821	0.652718	0.644592	0.647401	0.662982	0.674695	0.67949	0.708392	0.774619	0.824895	0.90158	1.01964	1.21995
18	0.698492	0.714531	0.735982	6.454335	0.385202	-2.766793	0.699246	0.699191	0.69913	0.699065	0.699107	0.885401	0.942185	0.941707	0.923172	0.899946	0.882028	0.853168	0.813166	0.787829	0.753821	0.719514	0.677694	0.655554	0.665094	0.699966	0.722792	0.732499	0.722786	0.68848	0.670925	0.66753	0.666688	0.681518	0.692196	0.704837	0.730104	0.773825	0.832182	0.889205	1.05774	1.26902
19	0.724754	0.742393	0.761946	6.706010	0.360850	-2.815036	0.729737	0.729686	0.729631	0.729571	0.729612	0.906865	0.969953	0.973064	0.952473	0.936629	0.923371	0.892757	0.847324	0.814957	0.786121	0.747517	0.703773	0.680915	0.690034	0.726636	0.751848	0.759986	0.752889	0.718366	0.69428	0.691927	0.69073	0.703767	0.715623	0.721936	0.746038	0.810037	0.867426	0.931087	1.06786	1.26721
20	0.751066	0.771527	0.790820	6.969178	0.288995	-2.884816	0.801917	0.801926	0.801936	0.801947	0.802037	0.936096	0.999454	1.00469	0.982699	0.973694	0.961694	0.924742	0.882436	0.854561	0.819386	0.777821	0.731891	0.707142	0.71862	0.758091	0.782196	0.789703	0.778107	0.74695	0.715439	0.711266	0.706406	0.719659	0.733863	0.753332	0.772274	0.812391	0.908594	0.967549	1.06988	1.25862
21	0.786173	0.808982	0.824475	7.307505	0.248349	-2.895843	0.844849	0.844868	0.844888	0.844911	0.845011	0.976638	1.0382	1.04306	1.02447	1.01102	1.0024	0.977955	0.936497	0.892754	0.861054	0.814421	0.765037	0.739907	0.753652	0.796184	0.823664	0.831871	0.815859	0.781433	0.749216	0.742796	0.740192	0.744617	0.758458	0.7748	0.81087	0.848369	0.928879	0.995614	1.07498	1.28572
22	0.827250	0.853535	0.863514	7.709946	0.172413	-2.871482	0.859986	0.859968	0.859947	0.859925	0.859991	1.01359	1.08087	1.08941	1.07531	1.06533	1.06467	1.03836	0.990781	0.946699	0.912414	0.8625	0.807381	0.778672	0.790491	0.838877	0.871564	0.877328	0.858183	0.821512	0.78633	0.781564	0.78068	0.790253	0.807588	0.833525	0.846752	0.884475	0.980399	1.03938	1.13212	1.3629
23	0.869787	0.900713	0.902328	8.135342	0.052574	-2.783978	0.853966	0.853878	0.853782	0.853679	0.853677	1.04061	1.12743	1.14134	1.12381	1.1231	1.12893	1.09886	1.04993	1.00353	0.963596	0.909148	0.851893	0.818928	0.834759	0.888351	0.92257	0.929066	0.907456	0.863918	0.830332	0.811407	0.816864	0.817023	0.83935	0.859985	0.895336	0.929823	1.00244	1.08779	1.15589	1.33755
24	0.920388	0.954529	0.954050	8.606755	0.001104	-2.803763	0.946773	0.946741	0.946706	0.946668	0.946721	1.1078	1.18345	1.19454	1.18137	1.18676	1.20029	1.17085	1.11153	1.06711	1.02261	0.964306	0.902118	0.866687	0.883277	0.942166	0.981568	0.988516	0.961257	0.910814	0.877361	0.85816	0.858678	0.85719	0.885592	0.897914	0.939423	0.978529	1.04104	1.13047	1.19678	1.37297
25	0.982292	1.024101	1.007385	9.190622	-0.189065	-2.624694	0.903887	0.903707	0.903512	0.903301	0.903221	1.15051	1.2496	1.26643	1.25496	1.26039	1.28567	1.26741	1.19902	1.15148	1.09822	1.03735	0.9671	0.927629	0.949057	1.0145	1.05485	1.06243	1.02923	0.972721	0.933122	0.911157	0.915214	0.916508	0.93766	0.964173	0.987415	1.03691	1.10338	1.19436	1.26909	1.44268
26	1.061312	1.109332	1.080388	9.870920	-0.289497	-2.538468	0.98188	0.981698	0.9815	0.981286	0.981196	1.21886	1.32931	1.35295	1.34523	1.36105	1.38856	1.36399	1.29949	1.25133	1.1955	1.12171	1.04615	1.00163	1.02535	1.10228	1.1537	1.15585	1.1161	1.04974	1.00305	0.987221	0.98021	0.983192	1.00599	1.03543	1.0513	1.09184	1.14061	1.2434	1.35244	1.49618
27	1.155323	1.209822	1.166753	10.629634	-0.368237	-2.454482	1.08906	1.08889	1.08871	1.08852	1.08845	1.31899	1.42448	1.45327	1.44955	1.47297	1.49708	1.48358	1.41804	1.35876	1.30257	1.22611	1.14021	1.0932	1.11941	1.20584	1.26192	1.26561	1.21942	1.14874	1.09168	1.0685	1.05995	1.058	1.07632	1.11288	1.14285	1.19964	1.25209	1.34387	1.43651	1.59069
28	1.252817	1.315871	1.251427	11.386031	-0.496718	-2.293177	1.13035	1.13011	1.12985	1.12956	1.12941	1.39233	1.51452	1.55503	1.55427	1.59052	1.64223	1.61239	1.5471	1.47783	1.42013	1.33472	1.23946	1.18193	1.21516	1.31297	1.38059	1.38405	1.32868	1.24891	1.1815	1.14756	1.14803	1.15774	1.1642	1.20818	1.25499	1.2778	1.34633	1.41193	1.47416	1.63794
29	1.414306	1.491614	1.389454	12.554648	-0.685943	-2.035494	1.24443	1.24413	1.2438	1.24345	1.24322	1.51607	1.6662	1.71514	1.72684	1.76917	1.8483	1.8448	1.75039	1.68029	1.61446	1.51097	1.40013	1.33763	1.3764	1.49383	1.57305	1.57633	1.5132	1.41327	1.33644	1.2963	1.29115	1.28709	1.30089	1.34437	1.39766	1.42451	1.50863	1.56906	1.66475	1.77693
30	1.645949	1.741224	1.575249	14.066039	-0.853266	-1.619872	1.36441	1.36396	1.36348	1.36296	1.36258	1.67762	1.86593	1.93329	1.96171	2.02823	2.1268	2.13293	2.04398	1.96148	1.88323	1.76517	1.62822	1.55319	1.60145	1.74888	1.85003	1.85899	1.77791	1.6567	1.56031	1.51018	1.50404	1.49927	1.51974	1.55047	1.61431	1.65789	1.73081	1.81589	1.8586	1.99109
31	1.888852	2.000358	1.765369	15.489125	-0.942450	-1.235776	1.63604	1.63565	1.63524	1.63479	1.63442	1.84483	2.05295	2.14151	2.18986	2.28794	2.40418	2.4188	2.33242	2.24712	2.16073	2.02198	1.86322	1.78085	1.83982	2.01633	2.14496	2.15063	2.05433	1.90855	1.79792	1.74281	1.7254	1.72654	1.74179	1.79032	1.84225	1.94395	2.02188	2.06993	2.10757	2.17833
32	2.116759	2.243173	1.919209	16.714899	-1.009399	-0.690615	1.68657	1.68598	1.68534	1.68464	1.68405	1.97614	2.21424	2.31733	2.38433	2.49966	2.65935	2.68889	2.59372	2.50157	2.40826	2.25619	2.08434	1.98926	2.06411	2.2726	2.42266	2.43395	2.32031	2.15496	2.03148	1.96977	1.94286	1.94003	1.96145	2.01979	2.06553	2.1927	2.27313	2.31443	2.36923	2.4372

33	2.113839	2.240901	1.916068	16.703852	-1.026178	-0.678490	1.66171	1.66109	1.66041	1.65967	1.65906	1.97278	2.2103	2.31719	2.38073	2.5007	2.65378	2.68283	2.59531	2.49939	2.40671	2.25423	2.08228	1.98809	2.06146	2.27076	2.42097	2.4302	2.31897	2.15232	2.02673	1.96565	1.94078	1.93542	1.95395	2.01034	2.06491	2.18457	2.28584	2.30354	2.34784	2.38741
34	0.524907	0.528649	0.577541	4.775268	0.613042	-2.670664	0.635969	0.636068	0.636176	0.636293	0.636464	0.714018	0.747095	0.740167	0.719716	0.69627	0.669699	0.62994	0.602887	0.568874	0.549996	0.529332	0.506638	0.495559	0.496586	0.509194	0.516225	0.528039	0.530598	0.513801	0.501508	0.507804	0.51759	0.53064	0.547568	0.562818	0.604888	0.661888	0.742989	0.846749	0.984606	1.15674
35	1.272124	1.016264	0.822471	9.126201	9.844682	0.274767	0.940477	0.940475	0.940473	0.940471	0.940561	1.09752	1.14325	1.12525	1.05057	0.928001	0.838254	0.746481	0.654995	0.593701	0.596205	0.585053	0.562594	0.625379	0.842535	1.162	1.41534	1.5509	1.58238	1.5787	1.57524	1.56853	1.57571	1.5849	1.58905	1.59142	1.59989	1.62212	1.64682	1.69274	1.80264	1.89862
36	1.187968	1.446093	0.959490	12.261165	-6.333053	3.411134	0.783786	0.783172	0.782504	0.781779	0.781075	0.924827	1.02458	1.05355	1.10243	1.2761	1.48732	1.60731	1.63797	1.63922	1.63626	1.61737	1.59674	1.573	1.54918	1.52753	1.47424	1.38952	1.2539	1.08624	0.955244	0.889473	0.864095	0.843795	0.867636	0.930565	1.0177	1.12132	1.20534	1.34636	1.43118	1.61612
37	0.720181	0.853802	1.286377	7.712362	-4.161531	-9.083783	1.10791	1.10795	1.10799	1.10804	1.10825	1.38168	1.54342	1.6287	1.6669	1.68136	1.66058	1.60271	1.51984	1.4192	1.29422	1.12945	0.9577	0.797679	0.676199	0.616543	0.58164	0.5664	0.558616	0.539826	0.53065	0.541361	0.567181	0.592947	0.626795	0.655997	0.706282	0.757157	0.81317	0.889749	1.01731	1.19184
