Reading	X	Y	Z	L*	a*	b*	380.000	390.000	400.000	410.000	420.000	430.000	440.000	450.000	460.000	470.000	480.000	490.000	500.000	510.000	520.000	530.000	540.000	550.000	560.000	570.000	580.000	590.000	600.000	610.000	620.000	630.000	640.000	650.000	660.000	670.000	680.000	690.000	700.000	710.000	720.000	730.000
1	0.165186	0.167075	0.133113	1.509186	0.165216	0.088900	-0.0651642	-0.0654681	-0.0657987	-0.066157	-0.0664271	0.118153	0.18983	0.200691	0.191249	0.176458	0.165328	0.156902	0.157779	0.159653	0.162091	0.15691	0.149508	0.150489	0.15734	0.175965	0.18807	0.195328	0.19121	0.182553	0.169633	0.15605	0.155925	0.153317	0.157265	0.150624	0.132212	0.136617	0.152826	0.174227	0.23712	0.274419
2	0.166651	0.168099	0.132307	1.518436	0.184512	0.120056	-0.0689263	-0.0692352	-0.0695713	-0.0699355	-0.0702062	0.12322	0.184425	0.19894	0.192709	0.173049	0.168339	0.157513	0.153799	0.156267	0.159655	0.157576	0.150557	0.150296	0.159367	0.179672	0.188763	0.200514	0.195658	0.18309	0.172873	0.160305	0.148988	0.152003	0.157712	0.145128	0.136735	0.13841	0.155035	0.177	0.230327	0.306684
3	0.174509	0.173622	0.139218	1.568323	0.286797	0.075597	-0.00270421	-0.00293013	-0.003176	-0.00344241	-0.00364737	0.127839	0.189678	0.200542	0.193614	0.181532	0.173847	0.165158	0.165034	0.162469	0.162817	0.159087	0.151841	0.151807	0.161285	0.185662	0.199671	0.204972	0.203949	0.190973	0.181486	0.17101	0.166522	0.164166	0.172972	0.173593	0.159665	0.169087	0.189175	0.193924	0.248817	0.31678
4	0.179614	0.176997	0.140650	1.598807	0.361522	0.101116	-0.034468	-0.0347413	-0.0350387	-0.035361	-0.0356039	0.130851	0.193184	0.206038	0.200561	0.184458	0.177241	0.166111	0.16578	0.161682	0.160469	0.160777	0.153127	0.152039	0.163418	0.189915	0.206141	0.211933	0.211017	0.199783	0.191367	0.180991	0.169031	0.168557	0.181413	0.169033	0.159431	0.150549	0.184515	0.243602	0.304537	0.361985
5	0.188286	0.183223	0.145218	1.655048	0.469284	0.111849	-0.0255306	-0.0257987	-0.0260905	-0.0264067	-0.0266469	0.133698	0.197269	0.210732	0.207875	0.192603	0.183009	0.172654	0.165596	0.160782	0.164012	0.163106	0.153169	0.154241	0.168948	0.198545	0.218278	0.224382	0.221394	0.210395	0.201812	0.192686	0.181802	0.17913	0.190028	0.176825	0.174853	0.180686	0.168108	0.210331	0.274012	0.314122
6	0.198309	0.190566	0.144630	1.721371	0.588158	0.237301	-0.0626589	-0.0629839	-0.0633375	-0.0637207	-0.0640059	0.139041	0.201945	0.215602	0.20684	0.194627	0.176287	0.167892	0.170991	0.166922	0.164118	0.164241	0.158477	0.157202	0.173238	0.205258	0.231812	0.238851	0.235069	0.223152	0.218112	0.21095	0.20045	0.195276	0.204699	0.201387	0.17752	0.179199	0.19776	0.238759	0.304723	0.329479
7	0.207383	0.195475	0.147061	1.765719	0.763417	0.267861	-0.0722215	-0.0725647	-0.0729382	-0.0733429	-0.0736402	0.146799	0.208673	0.219799	0.213616	0.193481	0.181106	0.170463	0.157907	0.160211	0.164133	0.16283	0.154522	0.158512	0.1793	0.212903	0.242933	0.255707	0.246406	0.237651	0.229772	0.223669	0.21068	0.209356	0.217761	0.210797	0.180551	0.173062	0.192378	0.245881	0.328228	0.359494
8	0.213172	0.199661	0.149599	1.803535	0.834169	0.285134	-0.00682391	-0.00708157	-0.00736198	-0.00766582	-0.00789861	0.143458	0.208151	0.222618	0.21021	0.189292	0.178545	0.169101	0.166465	0.160369	0.166399	0.165115	0.156463	0.158881	0.182489	0.219111	0.248758	0.264505	0.255074	0.243686	0.237438	0.232372	0.223206	0.215977	0.214745	0.207192	0.191606	0.160006	0.203292	0.237643	0.295254	0.345859
9	0.228013	0.210266	0.160767	1.899323	1.020580	0.239436	0.048165	0.0479683	0.0477542	0.0475223	0.0473409	0.158014	0.217874	0.229328	0.222674	0.207017	0.184651	0.178164	0.172783	0.168004	0.173172	0.17112	0.16188	0.161814	0.185682	0.231339	0.268703	0.277835	0.27281	0.260501	0.25549	0.24883	0.243168	0.245022	0.247533	0.236715	0.230671	0.226104	0.245128	0.28482	0.30741	0.390132
10	0.235508	0.215531	0.160741	1.946886	1.118218	0.321942	-0.0113943	-0.0116776	-0.0119859	-0.01232	-0.0125713	0.161001	0.225337	0.235608	0.224059	0.205669	0.191901	0.186146	0.175091	0.171179	0.173175	0.17026	0.160291	0.163518	0.191187	0.236159	0.276811	0.289316	0.285149	0.27259	0.266216	0.263112	0.255026	0.251862	0.26178	0.250336	0.249228	0.24349	0.253459	0.292404	0.354919	0.40571
11	0.240477	0.218820	0.154333	1.976593	1.190834	0.494146	-0.0712803	-0.0716442	-0.0720402	-0.0724693	-0.0727949	0.144848	0.219334	0.233241	0.223942	0.204992	0.189411	0.17731	0.168907	0.162856	0.171239	0.169217	0.161165	0.164262	0.194433	0.242367	0.285487	0.303233	0.294151	0.278506	0.274508	0.272698	0.268667	0.262794	0.262514	0.261411	0.245512	0.214466	0.214654	0.243936	0.317863	0.343758
12	0.248332	0.224387	0.164249	2.026880	1.291259	0.393632	-0.0179133	-0.018214	-0.0185413	-0.0188959	-0.0191588	0.17093	0.229874	0.239517	0.228872	0.209786	0.201465	0.188451	0.17359	0.171232	0.174262	0.168885	0.162889	0.167063	0.198532	0.25051	0.290116	0.312437	0.303667	0.289719	0.282878	0.280059	0.267917	0.271307	0.269491	0.278043	0.271423	0.258604	0.252041	0.293703	0.365274	0.416641
13	0.252033	0.225991	0.167545	2.041369	1.378280	0.356382	0.0449672	0.0447501	0.0445138	0.0442578	0.0440572	0.165392	0.232839	0.242385	0.228966	0.209775	0.201242	0.181685	0.174612	0.166768	0.170947	0.172425	0.162717	0.168347	0.198367	0.250816	0.295457	0.316722	0.308905	0.293899	0.28657	0.281303	0.280514	0.282476	0.278478	0.267897	0.261748	0.244254	0.228677	0.275711	0.323093	0.360233
14	0.252950	0.226033	0.160188	2.041745	1.413681	0.495926	-0.0293953	-0.0297108	-0.0300541	-0.0304261	-0.030707	0.160657	0.231412	0.240941	0.230093	0.201979	0.184247	0.1693	0.166808	0.165354	0.168923	0.169011	0.161441	0.164965	0.19822	0.254317	0.30143	0.320183	0.313846	0.298933	0.290939	0.286996	0.280443	0.273006	0.275567	0.265549	0.257099	0.24857	0.24761	0.279206	0.303192	0.382797
15	0.261425	0.232839	0.168756	2.103222	1.490899	0.440159	0.0148083	0.0145435	0.0142553	0.013943	0.0137013	0.165721	0.234358	0.247936	0.23796	0.217534	0.194285	0.182216	0.173611	0.170696	0.17455	0.174422	0.165899	0.168385	0.202429	0.260109	0.308704	0.330103	0.322083	0.307549	0.301946	0.296821	0.292068	0.285735	0.287587	0.280415	0.289209	0.275248	0.288031	0.309389	0.342655	0.371515
16	0.262756	0.232529	0.160869	2.100423	1.556706	0.584234	-0.0572579	-0.0576173	-0.0580085	-0.0584323	-0.0587497	0.162944	0.236756	0.247817	0.231142	0.200718	0.184308	0.178535	0.163889	0.161744	0.169656	0.170473	0.161812	0.168611	0.202221	0.261702	0.314057	0.333582	0.328063	0.312466	0.308301	0.299667	0.29841	0.293924	0.291704	0.278444	0.26201	0.241681	0.232966	0.26046	0.330853	0.347594
17	0.275092	0.241694	0.172844	2.183209	1.698020	0.500879	0.0262772	0.0260189	0.0257379	0.0254334	0.0251979	0.173964	0.243686	0.254001	0.239821	0.217386	0.198191	0.186451	0.176907	0.171587	0.173528	0.173944	0.163819	0.171944	0.20987	0.273443	0.326626	0.349586	0.340625	0.324482	0.322556	0.313516	0.31027	0.313666	0.30969	0.30217	0.297929	0.288329	0.280865	0.295716	0.345206	0.393269
18	0.279342	0.242947	0.172206	2.194535	1.820836	0.532463	0.0297533	0.0294995	0.0292232	0.0289239	0.0286958	0.180191	0.244434	0.254156	0.239033	0.215142	0.194159	0.176678	0.167675	0.164469	0.16937	0.173087	0.16411	0.170624	0.211861	0.275116	0.328628	0.356271	0.350166	0.333035	0.327484	0.321193	0.319097	0.320129	0.317094	0.30355	0.306353	0.29659	0.270584	0.278166	0.310498	0.380368
19	0.289560	0.251044	0.179610	2.267667	1.918191	0.518769	0.0256669	0.0253966	0.0251024	0.0247836	0.0245493	0.199196	0.252588	0.260399	0.247404	0.224824	0.203839	0.191959	0.181609	0.175184	0.175544	0.175553	0.16701	0.172808	0.215053	0.284586	0.339673	0.366824	0.360341	0.347499	0.340184	0.33897	0.332539	0.333115	0.332301	0.328336	0.329904	0.327066	0.309573	0.325777	0.38574	0.435474
20	0.291781	0.251816	0.180684	2.274648	1.977818	0.510532	0.077061	0.0768605	0.0766424	0.076406	0.0762221	0.191028	0.252447	0.261448	0.244065	0.226569	0.200578	0.183801	0.17554	0.168275	0.175272	0.177208	0.167448	0.174458	0.215096	0.285666	0.342934	0.368686	0.365112	0.350595	0.346108	0.338793	0.33132	0.340701	0.332724	0.321243	0.31849	0.329243	0.305699	0.311082	0.362203	0.375269
21	0.295661	0.254543	0.177702	2.299277	2.028307	0.609284	0.0337977	0.0335372	0.0332536	0.0329464	0.0327114	0.187025	0.250282	0.26327	0.245268	0.222635	0.19916	0.185498	0.169639	0.170351	0.177299	0.176537	0.166288	0.173446	0.218992	0.288185	0.347001	0.377735	0.372949	0.358754	0.351193	0.344554	0.334146	0.346846	0.347398	0.334987	0.33016	0.307991	0.30933	0.335208	0.36359	0.440938
22	0.301775	0.258401	0.184505	2.334130	2.124978	0.540948	0.083433	0.0832339	0.0830174	0.0827828	0.0826	0.196172	0.254755	0.26495	0.253474	0.22966	0.204846	0.190213	0.171969	0.172552	0.178558	0.178905	0.167206	0.17453	0.219706	0.291917	0.354683	0.383443	0.378546	0.367018	0.359682	0.352291	0.346118	0.348365	0.34848	0.341443	0.348941	0.332681	0.345088	0.367696	0.394678	0.449171
23	0.304366	0.260293	0.181162	2.351220	2.155928	0.633521	0.0264317	0.0261544	0.0258527	0.0255257	0.0252779	0.192876	0.257632	0.268074	0.251211	0.227696	0.200916	0.187915	0.173271	0.171487	0.178244	0.176106	0.168199	0.177164	0.221073	0.292807	0.358449	0.388559	0.387178	0.368952	0.362531	0.359152	0.349179	0.35598	0.360675	0.354928	0.352229	0.311016	0.31195	0.325393	0.375135	0.445415
24	0.311287	0.265432	0.184781	2.397641	2.235325	0.645228	0.0231649	0.0228767	0.0225631	0.0222233	0.0219663	0.196839	0.262717	0.273202	0.2567	0.22922	0.2086	0.196768	0.180379	0.173325	0.177236	0.179721	0.168795	0.176906	0.226576	0.30028	0.366076	0.398219	0.39253	0.378701	0.373348	0.368972	0.362015	0.36388	0.363095	0.357241	0.370833	0.355697	0.334601	0.371396	0.417068	0.449931
25	0.314951	0.266687	0.183298	2.408978	2.334416	0.692779	0.018617	0.0183225	0.0180021	0.0176549	0.017391	0.194045	0.262243	0.2715	0.258216	0.229751	0.203331	0.189016	0.17245	0.168939	0.173095	0.178893	0.167989	0.178903	0.226654	0.30249	0.367578	0.402776	0.401206	0.384875	0.380418	0.375137	0.366945	0.376582	0.374313	0.359135	0.358053	0.366214	0.374657	0.371808	0.415606	0.495824
26	0.314984	0.267137	0.182010	2.413039	2.318228	0.724094	0.00691244	0.00660233	0.00626489	0.00589922	0.00561965	0.188864	0.265414	0.272047	0.252349	0.227849	0.209377	0.186304	0.170344	0.171061	0.17494	0.177517	0.16931	0.177193	0.226467	0.304083	0.370117	0.407066	0.400529	0.385908	0.380033	0.374471	0.363285	0.36763	0.379214	0.366847	0.353849	0.34227	0.358826	0.381646	0.374372	0.41488
27	0.319569	0.270240	0.183758	2.441069	2.382572	0.739412	-0.00358502	-0.00391311	-0.0042701	-0.00465697	-0.00494656	0.198336	0.264587	0.273484	0.258846	0.230961	0.206304	0.190366	0.17817	0.171678	0.175018	0.179286	0.169279	0.178114	0.22777	0.307716	0.374023	0.40978	0.408474	0.393172	0.385397	0.378816	0.375607	0.379749	0.391727	0.366335	0.368242	0.375844	0.365688	0.391891	0.430577	0.464409
28	0.325867	0.273865	0.186992	2.473810	2.495757	0.734820	0.0100895	0.00977585	0.00943462	0.00906482	0.00879107	0.208083	0.267866	0.276274	0.262812	0.234045	0.210695	0.184269	0.174922	0.172685	0.177713	0.177155	0.17081	0.177428	0.229579	0.31342	0.380095	0.417379	0.418228	0.402075	0.397186	0.392723	0.383651	0.382085	0.387036	0.374048	0.366798	0.369535	0.365571	0.390512	0.394134	0.473729
29	0.333442	0.279653	0.197712	2.526094	2.576299	0.622557	0.0906256	0.0904117	0.0901789	0.0899267	0.0897324	0.215231	0.273548	0.283796	0.270372	0.247149	0.218485	0.200043	0.183869	0.178861	0.181615	0.182201	0.172771	0.182557	0.234841	0.316545	0.385198	0.423222	0.423832	0.410319	0.403471	0.400456	0.389516	0.396151	0.406109	0.402557	0.406182	0.410004	0.434081	0.431889	0.492388	0.599014
30	0.329463	0.277770	0.188025	2.509086	2.488913	0.776132	0.0026642	0.00233641	0.00197976	0.00159325	0.0013018	0.201183	0.271817	0.279401	0.260937	0.23818	0.213825	0.196288	0.177039	0.172734	0.179157	0.182527	0.174065	0.183159	0.23375	0.315884	0.383884	0.42193	0.424229	0.406841	0.399058	0.392121	0.386984	0.394224	0.396696	0.380864	0.379279	0.381752	0.383351	0.411677	0.40671	0.520669
31	0.330706	0.277984	0.191455	2.511022	2.530766	0.714710	0.0425985	0.0423235	0.0420243	0.0417001	0.0414544	0.207854	0.271604	0.280503	0.26456	0.241164	0.210601	0.196117	0.179107	0.174221	0.179168	0.183019	0.172469	0.182085	0.233689	0.315431	0.383257	0.42415	0.42334	0.409881	0.399013	0.395629	0.387299	0.388938	0.398599	0.396567	0.383397	0.398316	0.402399	0.408315	0.460436	0.521748

32	0.171792	0.173899	0.144100	1.570820	0.166307	-0.012275	-0.0256286	-0.02589	-0.0261745	-0.0264828	-0.0267078	0.143845	0.192389	0.203608	0.200274	0.187349	0.191386	0.185322	0.172341	0.166555	0.166693	0.166577	0.155823	0.155836	0.163272	0.180739	0.191069	0.199686	0.199547	0.183877	0.170549	0.163584	0.159296	0.165928	0.168588	0.169318	0.192578	0.240362	0.263326	0.295317	0.355658	0.473306
33	0.173141	0.176546	0.144850	1.594738	0.117698	0.014800	-0.0326358	-0.0329093	-0.0332069	-0.0335293	-0.0337598	0.152127	0.195494	0.205153	0.198194	0.188346	0.190824	0.183236	0.175129	0.17017	0.170386	0.166971	0.159775	0.162752	0.167579	0.182013	0.197814	0.202644	0.198627	0.186221	0.170818	0.163733	0.151338	0.160419	0.170975	0.16521	0.190521	0.208351	0.250656	0.302296	0.363086	0.424534
34	0.175979	0.181383	0.147850	1.638424	0.044001	0.033493	-0.0329475	-0.033227	-0.0335312	-0.0338608	-0.0341026	0.146461	0.197049	0.206438	0.20509	0.19171	0.199493	0.197894	0.182998	0.181519	0.179895	0.175018	0.166867	0.16354	0.170337	0.187586	0.199743	0.205412	0.200627	0.189704	0.172859	0.161559	0.156225	0.171222	0.164295	0.167371	0.20026	0.234474	0.282258	0.321812	0.373963	0.483715
35	0.182837	0.189379	0.152631	1.710653	0.009565	0.067760	-0.00761909	-0.00787263	-0.00814857	-0.00844758	-0.00867133	0.14854	0.196225	0.211948	0.205131	0.202895	0.208807	0.19782	0.195436	0.194465	0.191897	0.184347	0.173402	0.171071	0.177787	0.193848	0.207406	0.21426	0.207438	0.195007	0.180221	0.169767	0.161756	0.17254	0.182425	0.186588	0.205694	0.252328	0.302241	0.34798	0.42426	0.507188
36	0.182879	0.193302	0.148318	1.746094	-0.141478	0.210281	-0.075235	-0.0755818	-0.0759593	-0.0763683	-0.0766714	0.142006	0.198112	0.209683	0.206027	0.199638	0.204744	0.203923	0.195103	0.197368	0.197566	0.187476	0.180153	0.179773	0.188059	0.203816	0.210829	0.215771	0.207732	0.194889	0.176342	0.167247	0.161722	0.15973	0.166337	0.166433	0.197722	0.212619	0.250683	0.294836	0.368272	0.445237
37	0.190381	0.203572	0.155875	1.838859	-0.238406	0.227556	-0.0501427	-0.0504672	-0.0508204	-0.0512031	-0.0514928	0.14401	0.203545	0.217673	0.213935	0.21093	0.218974	0.208764	0.206097	0.206717	0.210678	0.201686	0.192474	0.193963	0.200333	0.214039	0.222113	0.225398	0.213329	0.200896	0.179348	0.169304	0.16351	0.164862	0.169607	0.174086	0.183108	0.216887	0.268355	0.312386	0.355846	0.465905
38	0.197439	0.215441	0.156462	1.946071	-0.415495	0.401316	-0.096027	-0.0964241	-0.0968563	-0.0973247	-0.0976772	0.144047	0.205113	0.218804	0.215859	0.215513	0.2206	0.222791	0.23161	0.226714	0.224076	0.21697	0.2081	0.206561	0.210729	0.225605	0.236384	0.235999	0.222096	0.203918	0.18685	0.174819	0.16717	0.168607	0.176107	0.168191	0.181208	0.213724	0.262158	0.344057	0.386811	0.455933
39	0.207563	0.229802	0.165806	2.075795	-0.565864	0.448572	-0.0807026	-0.081095	-0.0815219	-0.0819846	-0.0823343	0.154547	0.210655	0.228284	0.228188	0.224305	0.23773	0.242143	0.244134	0.243613	0.245691	0.232972	0.223869	0.225659	0.229564	0.242046	0.248202	0.247223	0.233875	0.211994	0.193943	0.17545	0.165457	0.175992	0.180033	0.173387	0.190426	0.226639	0.269367	0.269379	0.371914	0.484922
40	0.215750	0.241158	0.173973	2.178373	-0.677403	0.471227	-0.059606	-0.0599825	-0.0603921	-0.060836	-0.0611751	0.160779	0.215369	0.232038	0.234084	0.241305	0.254524	0.257783	0.25897	0.260687	0.259639	0.244694	0.235962	0.239807	0.243138	0.255351	0.259134	0.255703	0.240721	0.215846	0.20124	0.180514	0.171935	0.174402	0.186498	0.17192	0.201011	0.234342	0.293485	0.323971	0.372261	0.492925
41	0.226764	0.254720	0.185244	2.300880	-0.760714	0.469652	0.0173701	0.0170829	0.0167703	0.0164315	0.0161667	0.177266	0.222497	0.235725	0.239202	0.246753	0.270052	0.281671	0.282368	0.279459	0.272412	0.261866	0.25327	0.253339	0.257873	0.265773	0.272288	0.268847	0.247982	0.226143	0.207466	0.190206	0.182333	0.186748	0.188318	0.191517	0.215643	0.254678	0.300412	0.364906	0.449886	0.49459
42	0.232333	0.264991	0.186256	2.393654	-0.935702	0.610507	-0.0230488	-0.0234001	-0.0237823	-0.0241967	-0.0245279	0.160168	0.224564	0.241626	0.242533	0.254692	0.284768	0.288052	0.293662	0.291451	0.285029	0.274619	0.266296	0.266176	0.271808	0.279493	0.28347	0.278892	0.256999	0.22734	0.209346	0.190794	0.181285	0.180824	0.187675	0.183794	0.20816	0.24944	0.312541	0.34614	0.392399	0.507631
43	0.242609	0.277217	0.197724	2.504089	-0.996773	0.584395	0.026797	0.0264986	0.026174	0.0258221	0.0255384	0.179328	0.23067	0.246586	0.249585	0.273202	0.300765	0.308576	0.310685	0.300716	0.298378	0.289234	0.279687	0.281114	0.283434	0.293221	0.296941	0.290858	0.263871	0.233078	0.21621	0.19779	0.188493	0.195878	0.195907	0.194301	0.217991	0.261567	0.324205	0.386284	0.466277	0.565079
44	0.243363	0.280444	0.194090	2.533244	-1.092004	0.703275	-0.000560783	-0.000897279	-0.00126337	-0.00166024	-0.00198321	0.166391	0.224254	0.247806	0.250391	0.265976	0.294559	0.314139	0.317615	0.308655	0.301994	0.293944	0.286835	0.285073	0.287852	0.295267	0.298359	0.29048	0.267104	0.237805	0.216709	0.20131	0.184853	0.185868	0.195097	0.197231	0.224423	0.244183	0.298741	0.364112	0.482736	0.541063
45	0.247195	0.286232	0.202823	2.585522	-1.162578	0.628537	0.0245153	0.0242046	0.0238666	0.0235001	0.0232096	0.191096	0.230936	0.250012	0.251907	0.281355	0.31641	0.323578	0.323502	0.317319	0.310682	0.301066	0.293735	0.291942	0.294868	0.301837	0.304166	0.295919	0.270637	0.238949	0.217442	0.195954	0.181465	0.186888	0.187442	0.196154	0.213412	0.256224	0.291132	0.349305	0.428565	0.511819
46	0.251482	0.292891	0.201348	2.645674	-1.248767	0.760082	-0.0297896	-0.0301801	-0.030605	-0.0310655	-0.0314342	0.172976	0.234682	0.25481	0.258709	0.280166	0.315981	0.332555	0.333133	0.323919	0.317627	0.311407	0.298484	0.301518	0.304397	0.306526	0.310055	0.302114	0.27666	0.243402	0.221962	0.199702	0.184164	0.188561	0.202959	0.198735	0.211245	0.269373	0.309802	0.372845	0.464688	0.531445
47	0.256776	0.298157	0.208468	2.693244	-1.240010	0.707679	0.0387033	0.0383995	0.038069	0.0377106	0.0374179	0.188318	0.238904	0.255345	0.260587	0.283172	0.325442	0.335905	0.338335	0.33104	0.322379	0.314319	0.30484	0.304566	0.310516	0.316504	0.31742	0.308886	0.279055	0.243364	0.223953	0.206794	0.194002	0.19077	0.205408	0.199835	0.220616	0.241878	0.296646	0.385089	0.430178	0.488744
48	0.259885	0.305213	0.208632	2.756974	-1.389178	0.814468	-0.0306352	-0.0310403	-0.0314809	-0.0319587	-0.0323436	0.175956	0.244138	0.261769	0.266985	0.292615	0.329681	0.343198	0.348861	0.342565	0.332502	0.324521	0.318793	0.313388	0.313417	0.321803	0.326194	0.31619	0.285826	0.245136	0.223394	0.202366	0.194749	0.194434	0.199353	0.194317	0.21319	0.226598	0.281402	0.351243	0.399061	0.495588
49	0.266445	0.314497	0.212589	2.840840	-1.485759	0.884353	-0.0143546	-0.0147462	-0.0151722	-0.0156342	-0.0160092	0.181154	0.242865	0.263206	0.267037	0.298157	0.340465	0.35977	0.358272	0.350437	0.346762	0.337351	0.329189	0.322428	0.323502	0.334056	0.335313	0.322002	0.289592	0.255729	0.230756	0.208473	0.193725	0.189194	0.202923	0.202209	0.208529	0.250407	0.301938	0.34821	0.432257	0.501952
50	0.275258	0.324464	0.224273	2.930874	-1.517962	0.818996	0.0683344	0.068042	0.0677239	0.067379	0.0670813	0.18805	0.249337	0.269634	0.278157	0.308233	0.355558	0.368585	0.378185	0.365657	0.358259	0.351559	0.341289	0.331725	0.331749	0.338425	0.344039	0.334531	0.298305	0.258788	0.235981	0.216093	0.20183	0.20168	0.216148	0.210704	0.224914	0.255834	0.32495	0.403421	0.513629	0.606882
51	0.276854	0.329626	0.223423	2.977497	-1.654499	0.915423	0.0140776	0.0137071	0.0133041	0.0128671	0.0125001	0.180488	0.250742	0.273024	0.277288	0.313332	0.361769	0.385525	0.384234	0.368248	0.36701	0.359468	0.346136	0.34142	0.340236	0.344503	0.348506	0.336226	0.30089	0.260852	0.235705	0.212818	0.199281	0.198294	0.209126	0.210818	0.214039	0.261157	0.32038	0.383314	0.434533	0.487147
52	0.285224	0.338301	0.232374	3.055862	-1.654255	0.881549	0.0278399	0.0274763	0.0270809	0.0266521	0.0262949	0.195885	0.259735	0.27781	0.287263	0.327512	0.374666	0.402222	0.396498	0.37721	0.373569	0.368903	0.354243	0.347848	0.347963	0.353048	0.359121	0.347021	0.309482	0.267109	0.241558	0.218646	0.20695	0.209631	0.214165	0.219816	0.249578	0.289765	0.34593	0.437324	0.513354	0.555575
53	0.285382	0.342309	0.231073	3.092068	-1.803937	0.968534	0.00724476	0.00685092	0.00642251	0.00595798	0.00556781	0.18389	0.253987	0.279512	0.285831	0.325355	0.387673	0.408182	0.404249	0.386105	0.382449	0.376281	0.359952	0.352579	0.353384	0.359818	0.361282	0.348097	0.308828	0.266466	0.240994	0.217046	0.201072	0.203085	0.207837	0.209418	0.236729	0.277573	0.338934	0.392349	0.449758	0.517692
54	0.290341	0.346586	0.237984	3.130698	-1.770204	0.904663	0.0424838	0.042131	0.0417471	0.0413309	0.0409777	0.195693	0.260616	0.285434	0.291637	0.33382	0.390921	0.41256	0.408291	0.392933	0.386415	0.377973	0.365214	0.357127	0.357884	0.360706	0.365885	0.352933	0.316564	0.269161	0.243326	0.222339	0.208555	0.205911	0.216908	0.220768	0.235236	0.274915	0.347348	0.423666	0.476712	0.586688
55	0.288009	0.346728	0.230585	3.131981	-1.869928	1.046553	-0.0427364	-0.0432024	-0.0437094	-0.0442591	-0.0447044	0.190941	0.256316	0.284968	0.28896	0.32718	0.385632	0.405301	0.399118	0.394823	0.388987	0.380819	0.368121	0.360554	0.358275	0.362582	0.366353	0.354577	0.313396	0.265818	0.240118	0.218962	0.209379	0.196794	0.210159	0.213612	0.222408	0.261194	0.322624	0.397941	0.448128	0.514539
56	0.298644	0.357788	0.244973	3.231888	-1.871106	0.947179	0.0643991	0.0640639	0.0636992	0.0633038	0.0629633	0.202775	0.266242	0.290051	0.296946	0.340783	0.405485	0.428966	0.416204	0.405981	0.404513	0.396039	0.37641	0.369931	0.367892	0.372436	0.375644	0.362736	0.322439	0.278814	0.247756	0.22833	0.213965	0.2127	0.224189	0.22668	0.244437	0.294032	0.35855	0.413813	0.495749	0.582915
57	0.300846	0.362473	0.248929	3.274204	-1.964561	0.945452	0.0590363	0.058688	0.0583092	0.0578983	0.0575444	0.202345	0.264165	0.295021	0.302433	0.350922	0.418924	0.437096	0.429461	0.415794	0.409096	0.40267	0.383137	0.373854	0.374054	0.376123	0.380735	0.365214	0.32707	0.277394	0.247476	0.227392	0.210201	0.210972	0.218799	0.219572	0.258078	0.294284	0.359438	0.41973	0.479894	0.581222
58	0.302995	0.365434	0.249145	3.300952	-1.993080	0.987488	0.018746	0.0183399	0.0178982	0.0174191	0.0170189	0.204357	0.269114	0.295767	0.302782	0.356675	0.426326	0.441877	0.426589	0.417475	0.41334	0.404227	0.385525	0.379184	0.376664	0.380635	0.38333	0.37123	0.329311	0.280344	0.247625	0.228547	0.212605	0.208502	0.221418	0.224688	0.241814	0.298043	0.363625	0.433573	0.484127	0.532877
59	0.308122	0.371370	0.258124	3.354568	-2.017161	0.910395	0.0751832	0.0748452	0.0744776	0.0740789	0.0737364	0.215996	0.272376	0.300268	0.311314	0.364448	0.439884	0.45294	0.43867	0.424232	0.422283	0.409941	0.392472	0.38638	0.383463	0.384734	0.388586	0.375077	0.330262	0.281996	0.25365	0.233589	0.218408	0.216047	0.225731	0.223418	0.232424	0.295589	0.350381	0.42878	0.501973	0.636297
60	0.311462	0.377092	0.257833	3.406259	-2.105102	1.005012	0.0367961	0.0364008	0.0359708	0.0355045	0.0351117	0.212809	0.2762	0.303054	0.311579	0.368185	0.437419	0.461377	0.448086	0.430715	0.431093	0.420899	0.399935	0.39148	0.387071	0.389609	0.392801	0.381233	0.338787	0.288616	0.250856	0.2326	0.223049	0.214847	0.224495	0.22724	0.25251	0.283613	0.356884	0.44085	0.499264	0.589841
61	0.313588	0.381699	0.260444	3.447870	-2.198606	1.027462	0.0127995	0.0123664	0.0118953	0.0113844	0.0109603	0.214874	0.27755	0.303365	0.315617	0.380538	0.450613	0.465717	0.451471	0.444339	0.438543	0.424916	0.404663	0.39896	0.392531	0.395884	0.395731	0.383023	0.341145	0.287399	0.254033	0.232279	0.217113	0.21616	0.222131	0.226847	0.255968	0.29874	0.346838	0.425653	0.521313	0.592401
62	0.316711	0.384938	0.263672	3.477135	-2.198653	1.016970	0.0200017	0.0195736	0.019108	0.018603	0.0181848	0.221343	0.282421	0.309228	0.319245	0.374827	0.45484	0.475544	0.461365	0.445038	0.441205	0.427576	0.407803	0.402544	0.397351	0.397477	0.397851	0.386456	0.341693	0.293227	0.258608	0.233293	0.219407	0.220902	0.22686	0.231495	0.259662	0.307362	0.357711	0.447876	0.49992	0.604091
63	0.314690	0.382847	0.261339	3.458247	-2.198816	1.028452	0.0163399	0.0159096	0.0154415	0.014934	0.0145061	0.207039	0.278791	0.30723	0.319144	0.377029	0.452132	0.472123	0.457149	0.441492	0.439812	0.428461	0.406848	0.400268	0.393681	0.395273	0.394431	0.382066	0.338747	0.290704	0.257438	0.236665	0.218276	0.217184	0.230726	0.234213	0.255472	0.315824	0.403388	0.470847	0.515458	0.623025
64	0.312749	0.381262	0.259665	3.443924	-2.215475	1.035374	0.00296536	0.0025193	0.0020341	0.00150795	0.00106899	0.207525	0.278937	0.304081	0.315553	0.374706	0.456549	0.469675	0.456662	0.445326	0.433326	0.426658	0.405218	0.398025	0.394048	0.393824	0.393036	0.380497	0.338345	0.289105	0.254508	0.234149	0.215734	0.215083	0.226332	0.221418	0.249904	0.300058	0.359797	0.397245	0.497911	0.517187

65	0.178281	0.180169	0.151721	1.627457	0.184192	-0.058513	-0.018882	-0.0191434	-0.0194279	-0.0197363	-0.0199576	0.156518	0.197789	0.210344	0.206038	0.20392	0.205811	0.19454	0.182692	0.176909	0.174164	0.168447	0.161101	0.159797	0.168588	0.186123	0.19948	0.205473	0.204493	0.191259	0.17731	0.167855	0.168169	0.172526	0.175048	0.185206	0.221176	0.260811	0.294207	0.31864	0.371324	0.501895
66	0.180077	0.182560	0.156088	1.649054	0.163636	-0.103714	0.0114454	0.0112212	0.0109771	0.0107127	0.0105223	0.161468	0.200231	0.215499	0.206891	0.205721	0.212052	0.203759	0.186838	0.177659	0.178424	0.174559	0.16383	0.161563	0.171205	0.187897	0.201585	0.205571	0.205834	0.191609	0.176749	0.16636	0.168198	0.17778	0.173193	0.203586	0.223038	0.262869	0.30394	0.342825	0.369922	0.409326
67	0.182913	0.185872	0.161243	1.678974	0.149188	-0.149464	0.0231644	0.0229505	0.0227176	0.0224653	0.0222868	0.171441	0.206042	0.218434	0.214737	0.206695	0.220525	0.212829	0.195051	0.186619	0.182048	0.177149	0.169168	0.165865	0.1728	0.188176	0.202383	0.209139	0.206575	0.191585	0.181347	0.170284	0.169922	0.181158	0.184672	0.205369	0.23374	0.272194	0.291534	0.342907	0.398091	0.486733
68	0.179319	0.183871	0.157381	1.660903	0.081957	-0.107709	-0.0576151	-0.0579368	-0.0582869	-0.0586664	-0.0589357	0.162414	0.20885	0.221491	0.219722	0.21199	0.212008	0.207485	0.188776	0.182125	0.184197	0.180074	0.168708	0.163509	0.169771	0.187164	0.202106	0.206999	0.202622	0.189565	0.174939	0.167853	0.163271	0.170039	0.168451	0.187458	0.215416	0.263691	0.296186	0.325806	0.373274	0.434774
69	0.181393	0.187042	0.163768	1.689542	0.042249	-0.178912	-0.0348731	-0.0351701	-0.0354934	-0.0358438	-0.0360988	0.158792	0.215255	0.227776	0.226109	0.219662	0.225734	0.215568	0.205743	0.195686	0.188628	0.180976	0.172158	0.167054	0.172085	0.188814	0.202329	0.205082	0.204731	0.188876	0.176235	0.166461	0.169016	0.173095	0.172913	0.192603	0.2374	0.274955	0.311084	0.325897	0.376247	0.427216
70	0.188569	0.194977	0.179582	1.761223	0.023066	-0.353891	0.0578038	0.0576187	0.0574172	0.0571989	0.0570442	0.186416	0.226446	0.237878	0.240236	0.231254	0.239605	0.235246	0.220168	0.210865	0.205861	0.194702	0.181389	0.172245	0.176619	0.1924	0.204717	0.209315	0.208582	0.19591	0.182478	0.171498	0.169602	0.181349	0.184477	0.202538	0.255073	0.29725	0.319432	0.366371	0.421593	0.471645
71	0.183283	0.192489	0.175735	1.738743	-0.093481	-0.320006	-0.0158506	-0.0161331	-0.0164406	-0.0167738	-0.0170117	0.175797	0.225239	0.243314	0.242976	0.237787	0.232828	0.222001	0.221218	0.215011	0.207782	0.194558	0.182268	0.173236	0.174462	0.188056	0.201512	0.204284	0.204431	0.186719	0.175485	0.167091	0.163585	0.168441	0.171606	0.184639	0.21616	0.249771	0.260499	0.291341	0.361735	0.384605
72	0.189504	0.200626	0.189181	1.812244	-0.159074	-0.447151	-0.0205044	-0.0208084	-0.0211393	-0.0214979	-0.0217491	0.193166	0.242472	0.260183	0.26046	0.255374	0.249872	0.249176	0.238817	0.230799	0.225796	0.208398	0.188953	0.177825	0.178091	0.192872	0.20501	0.211344	0.208134	0.195431	0.178433	0.169725	0.165279	0.17159	0.168489	0.192618	0.23301	0.258351	0.29543	0.306437	0.381054	0.482939
73	0.190911	0.203144	0.199842	1.834995	-0.200326	-0.609194	0.0251199	0.0248703	0.0245985	0.0243042	0.0240946	0.196107	0.24959	0.270208	0.269668	0.271974	0.271704	0.258718	0.250828	0.241826	0.23078	0.213231	0.194816	0.178291	0.178923	0.192537	0.204739	0.209765	0.207035	0.192039	0.176119	0.166139	0.167109	0.175708	0.180006	0.193307	0.221481	0.276085	0.292131	0.312582	0.373672	0.481263
74	0.192935	0.206145	0.207035	1.862096	-0.235415	-0.698278	0.0374505	0.0372106	0.0369496	0.0366667	0.0364674	0.205203	0.262382	0.278037	0.279096	0.278821	0.275438	0.266215	0.25897	0.251377	0.236183	0.21764	0.197065	0.182846	0.182492	0.19537	0.204788	0.210731	0.205505	0.191628	0.1767	0.168092	0.166365	0.176311	0.17615	0.197309	0.22332	0.262463	0.310775	0.327163	0.366993	0.491769
75	0.194784	0.210025	0.215147	1.897150	-0.311877	-0.790983	0.0385083	0.0382619	0.0379936	0.0377029	0.0374957	0.207145	0.267036	0.289867	0.292887	0.293398	0.288987	0.27696	0.271737	0.258173	0.247479	0.225073	0.203896	0.187642	0.185144	0.195735	0.20415	0.208145	0.205806	0.192685	0.177993	0.167763	0.165243	0.179324	0.176772	0.190385	0.224601	0.254464	0.282917	0.306883	0.404296	0.4491
76	0.200631	0.216736	0.227236	1.957769	-0.337024	-0.914711	0.0592564	0.0590255	0.0587741	0.0585018	0.0583069	0.216469	0.28201	0.302407	0.308315	0.30561	0.306394	0.298568	0.2899	0.277181	0.25657	0.234121	0.20808	0.191199	0.188511	0.199217	0.209176	0.213324	0.209345	0.196388	0.183222	0.174041	0.173772	0.17938	0.177598	0.202216	0.240983	0.271321	0.305679	0.35118	0.384106	0.511801
77	0.204178	0.220160	0.236049	1.988695	-0.327102	-1.027774	0.0874911	0.0872914	0.087074	0.0868386	0.0866766	0.234292	0.287766	0.309067	0.314851	0.318734	0.321118	0.311261	0.294476	0.280613	0.262721	0.23688	0.211717	0.194548	0.1901	0.201801	0.21235	0.214684	0.213016	0.197028	0.18325	0.179218	0.17446	0.18576	0.191703	0.194946	0.237874	0.277978	0.308216	0.34369	0.403031	0.461544
78	0.201746	0.218964	0.233567	1.977895	-0.378753	-0.999535	0.0233611	0.023075	0.0227635	0.0224261	0.0221952	0.23379	0.29086	0.312376	0.31625	0.321793	0.318134	0.306855	0.289556	0.281837	0.261059	0.238767	0.212316	0.196741	0.188696	0.200044	0.209053	0.213429	0.208266	0.195494	0.182829	0.174586	0.168865	0.178662	0.184483	0.196243	0.225796	0.287436	0.321933	0.344323	0.373878	0.459645
79	0.207407	0.225094	0.244680	2.033265	-0.388852	-1.113880	0.106823	0.10664	0.106441	0.106226	0.106076	0.240104	0.298489	0.320184	0.321775	0.328758	0.334118	0.321985	0.309443	0.296676	0.270047	0.243459	0.218195	0.201613	0.194794	0.202799	0.212598	0.216267	0.211328	0.198348	0.183047	0.177205	0.182553	0.194502	0.199057	0.205918	0.249738	0.281708	0.330927	0.362436	0.447686	0.5478
80	0.205500	0.225126	0.242241	2.033557	-0.467087	-1.067340	0.0237233	0.0234273	0.023105	0.0227559	0.0225163	0.240364	0.298202	0.324836	0.327551	0.334338	0.332692	0.319605	0.304916	0.297576	0.277845	0.246187	0.222049	0.201043	0.193549	0.200979	0.20979	0.215455	0.213678	0.196889	0.183138	0.173519	0.176349	0.184353	0.184378	0.199838	0.247133	0.276927	0.298562	0.348633	0.401928	0.473828
81	0.210637	0.230862	0.254257	2.085367	-0.482967	-1.204866	0.0579852	0.0577241	0.0574398	0.057132	0.0569214	0.250837	0.312006	0.335944	0.33972	0.348036	0.348513	0.342744	0.323553	0.306446	0.283114	0.253468	0.228758	0.206276	0.196485	0.205952	0.214564	0.217198	0.212523	0.198723	0.185755	0.18067	0.17958	0.191416	0.196229	0.220903	0.265782	0.297034	0.325611	0.37323	0.430642	0.507675
82	0.209646	0.231068	0.257094	2.087230	-0.531048	-1.255220	0.0674139	0.067164	0.066892	0.0665973	0.0663918	0.245936	0.315444	0.340899	0.34472	0.352314	0.352462	0.340847	0.327366	0.310133	0.285985	0.254743	0.228545	0.208631	0.198065	0.205321	0.21246	0.216078	0.213241	0.198935	0.182873	0.174418	0.174773	0.186869	0.188974	0.195927	0.240302	0.272416	0.314199	0.32717	0.386886	0.496893
83	0.210914	0.233186	0.264512	2.106359	-0.562293	-1.362294	0.0822905	0.0820546	0.0817977	0.0815196	0.08133	0.258166	0.325345	0.350715	0.351832	0.360825	0.360279	0.346888	0.329234	0.317729	0.289843	0.261106	0.233508	0.211149	0.199883	0.203896	0.212698	0.216576	0.211213	0.196385	0.183005	0.175907	0.174895	0.185577	0.179545	0.201245	0.247606	0.265259	0.307917	0.363072	0.351482	0.459789
84	0.217377	0.240142	0.275920	2.169194	-0.572149	-1.469328	0.112846	0.11264	0.112415	0.112172	0.112008	0.269896	0.332259	0.36063	0.369418	0.378264	0.374021	0.357121	0.345083	0.326872	0.301326	0.270672	0.241149	0.21618	0.205061	0.210651	0.215757	0.218294	0.214076	0.203327	0.189362	0.17914	0.180443	0.198099	0.196873	0.218683	0.251443	0.308944	0.335183	0.363163	0.402578	0.459966
85	0.213823	0.237243	0.275963	2.143005	-0.602782	-1.515294	0.128501	0.128318	0.128119	0.127904	0.127759	0.267305	0.338025	0.360708	0.366762	0.371862	0.373459	0.354708	0.342335	0.329355	0.301256	0.2707	0.237718	0.21325	0.202017	0.205773	0.212372	0.215575	0.211669	0.197198	0.183507	0.176452	0.178496	0.185222	0.188009	0.200815	0.245002	0.259246	0.276929	0.339195	0.383601	0.411333
86	0.216812	0.241006	0.277786	2.177002	-0.628611	-1.491103	0.0507583	0.0504641	0.0501438	0.0497968	0.0495626	0.272749	0.343657	0.368039	0.374816	0.382599	0.379111	0.367982	0.353856	0.332146	0.302169	0.273601	0.241815	0.216167	0.204333	0.208966	0.218255	0.219276	0.214803	0.199686	0.186723	0.176488	0.177734	0.191859	0.196418	0.219261	0.266793	0.28743	0.310166	0.340443	0.411213	0.480345
87	0.217687	0.242230	0.285025	2.188058	-0.640919	-1.608709	0.107395	0.107174	0.106932	0.106671	0.106491	0.26928	0.348109	0.373946	0.383689	0.392914	0.386233	0.370373	0.353846	0.333763	0.308019	0.278196	0.244241	0.217507	0.205957	0.209243	0.217291	0.217643	0.213517	0.198306	0.183387	0.177247	0.179719	0.19156	0.196644	0.215386	0.243348	0.279775	0.328382	0.354672	0.39838	0.444267
88	0.219333	0.244467	0.288414	2.208258	-0.661551	-1.637868	0.106174	0.105947	0.1057	0.105432	0.10526	0.29227	0.3512	0.37751	0.383764	0.390083	0.389904	0.379129	0.364943	0.34147	0.309679	0.281474	0.245151	0.218963	0.207045	0.211072	0.217866	0.2193	0.216445	0.201165	0.184549	0.175695	0.179354	0.190414	0.192384	0.223287	0.260675	0.287878	0.291372	0.322587	0.358807	0.457194
89	0.221380	0.246807	0.294560	2.229402	-0.670009	-1.717449	0.111715	0.11149	0.111245	0.110979	0.110804	0.289419	0.360025	0.385435	0.393776	0.406221	0.393061	0.381611	0.36739	0.348623	0.318162	0.284035	0.249416	0.220883	0.20808	0.211074	0.216201	0.220179	0.214542	0.199925	0.189239	0.181481	0.180823	0.19453	0.197567	0.223052	0.266985	0.300252	0.317	0.33112	0.346644	0.464409
90	0.219618	0.246636	0.292960	2.227853	-0.734496	-1.689916	0.059769	0.0594733	0.0591513	0.0588026	0.0585686	0.285071	0.362366	0.387979	0.392789	0.405952	0.405557	0.38087	0.370045	0.349665	0.318173	0.285046	0.249797	0.219276	0.207867	0.213399	0.2175	0.218606	0.215101	0.198355	0.185408	0.173513	0.179002	0.187433	0.193968	0.216714	0.251301	0.275812	0.288309	0.335681	0.314842	0.380459
91	0.220855	0.247593	0.298092	2.236497	-0.721777	-1.771892	0.0916355	0.0913799	0.0911015	0.0908001	0.0906027	0.294724	0.365322	0.390446	0.400613	0.409982	0.404666	0.390336	0.37316	0.348	0.320231	0.286268	0.251434	0.222804	0.208934	0.211828	0.217486	0.218461	0.21153	0.198851	0.1859	0.178064	0.181391	0.187915	0.192408	0.220011	0.257138	0.280798	0.290382	0.314639	0.310531	0.396782
92	0.221691	0.248806	0.301581	2.247454	-0.735284	-1.818869	0.0898401	0.0895789	0.0892943	0.0889862	0.0887886	0.303881	0.371117	0.396279	0.402732	0.412765	0.410785	0.391208	0.376935	0.353411	0.321052	0.288351	0.254634	0.223464	0.209215	0.211765	0.217495	0.218578	0.214819	0.197885	0.185149	0.177115	0.181205	0.193558	0.189962	0.213134	0.244411	0.268027	0.286553	0.287608	0.331216	0.369491
93	0.224106	0.251677	0.306675	2.273390	-0.749530	-1.870337	0.0961462	0.0958878	0.0956063	0.0953015	0.0951046	0.305705	0.380074	0.404306	0.409725	0.419419	0.411999	0.397275	0.380869	0.357662	0.329096	0.295712	0.256044	0.225515	0.210664	0.213096	0.218968	0.219877	0.215612	0.199623	0.187189	0.178107	0.185862	0.188187	0.197765	0.231189	0.254949	0.2699	0.281801	0.29236	0.324099	0.380775
94	0.227732	0.254883	0.317069	2.302348	-0.727941	-2.016639	0.15873	0.158549	0.158352	0.158139	0.158005	0.312589	0.386847	0.410167	0.419359	0.430735	0.429278	0.411907	0.390018	0.363995	0.333422	0.29879	0.258831	0.22648	0.21237	0.215161	0.220471	0.220271	0.216353	0.20485	0.190538	0.183055	0.184319	0.191514	0.196897	0.228288	0.257484	0.305991	0.322466	0.333554	0.337101	0.43534
95	0.225695	0.253691	0.316768	2.291582	-0.763775	-2.029521	0.158852	0.158672	0.158476	0.158264	0.15813	0.311215	0.386134	0.412157	0.421296	0.427618	0.42505	0.40951	0.393723	0.364348	0.332768	0.296823	0.2574	0.226574	0.213162	0.21527	0.218393	0.221332	0.214828	0.199071	0.184243	0.176019	0.181778	0.188043	0.19925	0.2249	0.25321	0.271962	0.305213	0.343349	0.367007	0.370814
96	0.226241	0.253859	0.315087	2.293101	-0.748306	-1.995165	0.141733	0.14153	0.14131	0.141072	0.140924	0.316725	0.383359	0.408244	0.418576	0.426532	0.427611	0.40797	0.39638	0.366217	0.331176	0.296709	0.257652	0.225131	0.211518	0.214685	0.219105	0.219744	0.216189	0.201115	0.188298	0.181198	0.185722	0.191419	0.193691	0.222988	0.260504	0.284395	0.31861	0.360696	0.318004	0.357528
