Reading	X	Y	Z	L*	a*	b*	380.000	383.333	386.667	390.000	393.333	396.667	400.000	403.333	406.667	410.000	413.333	416.667	420.000	423.333	426.667	430.000	433.333	436.667	440.000	443.333	446.667	450.000	453.333	456.667	460.000	463.333	466.667	470.000	473.333	476.667	480.000	483.333	486.667	490.000	493.333	496.667	500.000	503.333	506.667	510.000	513.333	516.667	520.000	523.333	526.667	530.000	533.333	536.667	540.000	543.333	546.667	550.000	553.333	556.667	560.000	563.333	566.667	570.000	573.333	576.667	580.000	583.333	586.667	590.000	593.333	596.667	600.000	603.333	606.667	610.000	613.333	616.667	620.000	623.333	626.667	630.000	633.333	636.667	640.000	643.333	646.667	650.000	653.333	656.667	660.000	663.333	666.667	670.000	673.333	676.667	680.000	683.333	686.667	690.000	693.333	696.667	700.000	703.333	706.667	710.000	713.333	716.667	720.000	723.333	726.667	730.000
2	0.183685	0.182168	0.149141	1.645520	0.324562	0.021349	-0.106949	-0.106949	-0.106949	-0.106949	-0.106949	-0.106949	-0.106949	-0.10723	-0.10749	-0.107681	-0.107755	-0.107974	-0.108587	0.0275483	0.106497	0.14092	0.180922	0.199362	0.208473	0.209761	0.209671	0.207092	0.204386	0.207293	0.212919	0.2092	0.208117	0.208781	0.208775	0.201385	0.201626	0.209345	0.193664	0.182317	0.185577	0.185453	0.18062	0.175451	0.178972	0.175176	0.171049	0.168394	0.166412	0.164995	0.1643	0.164256	0.163007	0.159407	0.156604	0.157628	0.15806	0.159029	0.162756	0.163114	0.165866	0.175731	0.185955	0.192279	0.197033	0.200452	0.205701	0.206864	0.208255	0.213558	0.216413	0.213561	0.206609	0.203837	0.20406	0.205486	0.203939	0.198957	0.192169	0.188616	0.18359	0.181559	0.184205	0.186199	0.187377	0.177119	0.174109	0.185801	0.189982	0.182674	0.187026	0.197694	0.188415	0.181913	0.192436	0.20623	0.186192	0.186408	0.203564	0.219657	0.228902	0.240272	0.247657	0.246054	0.25853	0.288183	0.27468	0.281301	0.315833	0.357768	0.349506	0.379342
3	0.185581	0.184557	0.151998	1.667099	0.308123	0.004620	-0.132711	-0.132711	-0.132711	-0.132711	-0.132711	-0.132711	-0.132711	-0.133025	-0.133312	-0.133513	-0.133567	-0.133799	-0.134518	0.0479719	0.111264	0.147011	0.182534	0.201548	0.209507	0.209665	0.210814	0.210001	0.206576	0.211683	0.218383	0.21573	0.216223	0.217523	0.218416	0.214601	0.203989	0.207509	0.202642	0.198064	0.192617	0.185576	0.182878	0.178553	0.180383	0.178999	0.176195	0.174354	0.167711	0.162083	0.166832	0.168402	0.16552	0.162225	0.159677	0.158324	0.157041	0.161325	0.164816	0.165387	0.169366	0.178067	0.188166	0.197002	0.197281	0.201947	0.207498	0.211403	0.214462	0.216951	0.216969	0.213358	0.210091	0.207907	0.204594	0.204128	0.206633	0.200121	0.193141	0.189346	0.18562	0.184375	0.189352	0.186825	0.186223	0.184159	0.177563	0.18063	0.186381	0.185128	0.183499	0.186179	0.178708	0.177291	0.178284	0.182907	0.194007	0.19691	0.208971	0.226326	0.233754	0.233592	0.243919	0.269133	0.267187	0.272268	0.304891	0.343584	0.328816	0.331189	0.391074	0.43358
4	0.185546	0.185224	0.148670	1.673125	0.280722	0.077836	-0.136356	-0.136356	-0.136356	-0.136356	-0.136356	-0.136356	-0.136356	-0.136673	-0.136963	-0.137164	-0.137214	-0.137447	-0.138183	0.0246224	0.094708	0.139959	0.171597	0.190493	0.202009	0.206132	0.207538	0.211219	0.209316	0.210671	0.213661	0.209592	0.20766	0.212926	0.209553	0.211996	0.212117	0.207905	0.200957	0.2017	0.199039	0.189248	0.186263	0.182166	0.181261	0.173831	0.17125	0.169752	0.168515	0.168547	0.170018	0.167537	0.164365	0.161568	0.158631	0.16002	0.160982	0.162111	0.16323	0.168198	0.173943	0.181372	0.186771	0.194689	0.20072	0.203582	0.207288	0.210714	0.213221	0.216248	0.216467	0.214661	0.213137	0.209027	0.207303	0.208731	0.206585	0.199381	0.193663	0.18965	0.187811	0.186243	0.185147	0.187756	0.188254	0.183209	0.186304	0.190578	0.190466	0.18216	0.172131	0.167764	0.16944	0.167788	0.176713	0.187354	0.193083	0.195286	0.193963	0.20909	0.230627	0.231615	0.257212	0.269367	0.247787	0.258656	0.304035	0.303905	0.347247	0.388539	0.424435	0.438506
5	0.190797	0.191021	0.151341	1.725486	0.267095	0.117685	-0.150269	-0.150269	-0.150269	-0.150269	-0.150269	-0.150269	-0.150269	-0.150607	-0.150914	-0.151123	-0.151166	-0.15141	-0.15221	0.00317649	0.106717	0.153068	0.178655	0.196599	0.204915	0.210406	0.212201	0.213193	0.212298	0.211525	0.215204	0.215107	0.217109	0.217817	0.214211	0.211287	0.213956	0.215313	0.207275	0.199701	0.196344	0.195596	0.195074	0.192674	0.184686	0.183408	0.18318	0.177847	0.172927	0.172988	0.178644	0.178525	0.171227	0.165397	0.162846	0.161132	0.163349	0.166134	0.16786	0.172807	0.178528	0.185728	0.193293	0.201605	0.206958	0.208579	0.212895	0.217895	0.222578	0.226466	0.228583	0.224222	0.217461	0.214023	0.213757	0.210883	0.207567	0.208608	0.20381	0.195123	0.186979	0.188076	0.189351	0.191003	0.186253	0.183231	0.188023	0.194882	0.198037	0.19421	0.18104	0.173273	0.185545	0.195502	0.195692	0.195665	0.197498	0.20793	0.220207	0.217741	0.242977	0.275093	0.295857	0.265761	0.280946	0.322809	0.304972	0.301821	0.33065	0.365243	0.388364	0.371265
6	0.193938	0.194958	0.158557	1.761051	0.240599	0.042762	-0.11097	-0.11097	-0.11097	-0.11097	-0.11097	-0.11097	-0.11097	-0.111266	-0.11154	-0.111743	-0.111823	-0.112054	-0.112694	0.0400972	0.143612	0.163563	0.179699	0.197555	0.20982	0.215243	0.216941	0.216733	0.21536	0.215843	0.222064	0.219676	0.220593	0.221837	0.222813	0.220696	0.222357	0.228508	0.223274	0.218114	0.215401	0.204059	0.193893	0.19115	0.190928	0.191291	0.187979	0.184456	0.181735	0.176524	0.179834	0.182591	0.177317	0.171069	0.166166	0.168291	0.169114	0.170131	0.171906	0.175341	0.18306	0.1906	0.198955	0.207638	0.210803	0.213026	0.217861	0.222144	0.224874	0.225068	0.225516	0.219807	0.214866	0.215828	0.215546	0.2127	0.211056	0.205073	0.197067	0.194216	0.196335	0.202209	0.201967	0.193383	0.186616	0.184784	0.188313	0.195238	0.197365	0.192749	0.189933	0.186417	0.1745	0.175363	0.194158	0.209385	0.213336	0.22202	0.22985	0.258792	0.268109	0.248658	0.235078	0.258483	0.272171	0.27995	0.275472	0.267431	0.317236	0.359649	0.370065	0.365884
7	0.199114	0.201305	0.159335	1.818384	0.202498	0.126923	-0.129507	-0.129507	-0.129507	-0.129507	-0.129507	-0.129507	-0.129507	-0.129829	-0.130125	-0.130336	-0.130406	-0.13065	-0.131376	-0.0147907	0.0958369	0.159326	0.179701	0.204056	0.216149	0.217191	0.218799	0.219596	0.21944	0.221816	0.228472	0.228924	0.226641	0.224198	0.226227	0.227366	0.229559	0.229923	0.227493	0.223292	0.223382	0.212607	0.203006	0.199615	0.197959	0.194895	0.192781	0.191137	0.18627	0.187281	0.189002	0.188805	0.183099	0.176742	0.174632	0.174831	0.175922	0.175122	0.17662	0.180111	0.186149	0.194898	0.204998	0.212906	0.217893	0.222173	0.226423	0.229598	0.231085	0.232895	0.233694	0.229299	0.222469	0.22122	0.222454	0.22203	0.218661	0.211145	0.206066	0.202677	0.202175	0.198246	0.196497	0.193355	0.189892	0.192513	0.194718	0.194613	0.197954	0.195779	0.194885	0.187843	0.192479	0.203118	0.213509	0.221772	0.23246	0.231316	0.235796	0.249096	0.253525	0.255818	0.274622	0.269631	0.286533	0.296977	0.292258	0.311061	0.315338	0.329909	0.311518	0.373449
8	0.208714	0.212040	0.167691	1.915350	0.172188	0.136354	-0.13743	-0.13743	-0.13743	-0.13743	-0.13743	-0.13743	-0.13743	-0.13777	-0.138082	-0.138305	-0.138376	-0.138633	-0.139399	0.00725903	0.116031	0.164526	0.181996	0.210396	0.221403	0.223726	0.227098	0.229452	0.229973	0.232548	0.235994	0.238625	0.242941	0.241942	0.241553	0.242936	0.2408	0.242889	0.241972	0.240277	0.235966	0.226852	0.216858	0.214133	0.212715	0.210173	0.20473	0.200456	0.199362	0.202032	0.200347	0.196322	0.191179	0.185406	0.184779	0.184332	0.183844	0.183735	0.185877	0.191704	0.197665	0.205548	0.215288	0.224242	0.230354	0.23546	0.239391	0.24027	0.242318	0.242832	0.245841	0.243701	0.235322	0.231068	0.227057	0.224495	0.22658	0.223792	0.215088	0.212486	0.2129	0.212099	0.210403	0.203567	0.198833	0.200394	0.197796	0.19908	0.199269	0.199292	0.202601	0.203868	0.204012	0.204213	0.214077	0.220811	0.237626	0.250103	0.252801	0.253068	0.262888	0.274718	0.257669	0.262626	0.277502	0.296271	0.308212	0.303915	0.321094	0.339146	0.373868	0.447735
9	0.218376	0.223071	0.180246	2.014992	0.132884	0.071103	-0.0264487	-0.0264487	-0.0264487	-0.0264487	-0.0264487	-0.0264487	-0.0264487	-0.026666	-0.0268821	-0.0270851	-0.0272627	-0.0274801	-0.0277969	0.0535008	0.115069	0.160491	0.193798	0.217618	0.230355	0.2336	0.235933	0.239916	0.241932	0.243099	0.248574	0.246543	0.245297	0.249595	0.251312	0.254027	0.26456	0.26512	0.256549	0.253111	0.244471	0.238458	0.234852	0.231291	0.228777	0.220914	0.215483	0.21799	0.215877	0.216151	0.21174	0.203932	0.19927	0.200511	0.199259	0.195302	0.194128	0.195536	0.197794	0.201418	0.207786	0.216593	0.225024	0.237166	0.244662	0.248724	0.253094	0.252199	0.250466	0.254827	0.257029	0.253693	0.244841	0.237812	0.234344	0.23154	0.228626	0.227061	0.223757	0.216024	0.213433	0.217346	0.219862	0.21296	0.207155	0.208603	0.210605	0.207771	0.207068	0.203792	0.198206	0.205449	0.215972	0.222932	0.237714	0.240443	0.241396	0.24021	0.243087	0.248074	0.268788	0.272404	0.283931	0.290006	0.274598	0.277981	0.295804	0.289064	0.279636	0.308859	0.36951	0.410465
10	0.225655	0.231375	0.184589	2.090002	0.103465	0.118440	-0.0769963	-0.0769963	-0.0769963	-0.0769963	-0.0769963	-0.0769963	-0.0769963	-0.07728	-0.077551	-0.0777743	-0.0779153	-0.0781625	-0.0786966	0.0316457	0.114773	0.177063	0.198986	0.222256	0.236785	0.241021	0.245875	0.249739	0.249156	0.249732	0.255748	0.258331	0.260458	0.258666	0.26271	0.270792	0.268558	0.26495	0.260589	0.255229	0.255564	0.249517	0.240673	0.243182	0.241166	0.236432	0.226957	0.225992	0.228667	0.227004	0.219956	0.214167	0.210875	0.207455	0.203619	0.20155	0.201608	0.201235	0.204051	0.210448	0.215378	0.222721	0.233928	0.244398	0.250676	0.254799	0.261248	0.264672	0.262242	0.263136	0.263095	0.261489	0.254042	0.245674	0.23982	0.237476	0.236638	0.237118	0.232873	0.228978	0.227602	0.224417	0.221284	0.221023	0.22076	0.222163	0.214568	0.214657	0.221757	0.211844	0.205896	0.206949	0.213539	0.22026	0.226596	0.243534	0.247903	0.255731	0.256693	0.264367	0.25649	0.238454	0.258936	0.275348	0.295023	0.318149	0.338831	0.31127	0.331742	0.333051	0.349735	0.373371
11	0.232124	0.239556	0.188454	2.163901	0.046191	0.172891	-0.102153	-0.102153	-0.102153	-0.102153	-0.102153	-0.102153	-0.102153	-0.102473	-0.102773	-0.10301	-0.103135	-0.1034	-0.104046	0.0192249	0.110094	0.167879	0.197861	0.223671	0.239727	0.244342	0.25304	0.258192	0.258281	0.260688	0.265206	0.263826	0.269127	0.270193	0.273459	0.273118	0.273533	0.273509	0.2752	0.271463	0.265811	0.258971	0.256593	0.252899	0.246278	0.240823	0.236641	0.23872	0.239847	0.232188	0.226657	0.225975	0.220455	0.215332	0.209496	0.208255	0.209386	0.210716	0.213435	0.214612	0.220979	0.231191	0.244143	0.253018	0.260762	0.266689	0.270461	0.276216	0.276178	0.270971	0.269414	0.268899	0.263817	0.25443	0.247474	0.243134	0.241913	0.241924	0.241015	0.23661	0.231001	0.229005	0.226667	0.221737	0.222408	0.223289	0.219274	0.21732	0.219357	0.21876	0.214969	0.213003	0.217749	0.217942	0.218717	0.246683	0.254244	0.250772	0.255095	0.260175	0.259322	0.251511	0.244826	0.253247	0.281214	0.289289	0.30016	0.305737	0.312675	0.303722	0.28123	0.284886
12	0.241008	0.251011	0.196173	2.267374	-0.041105	0.205556	-0.138936	-0.138936	-0.138936	-0.138936	-0.138936	-0.138936	-0.138936	-0.139308	-0.139653	-0.139909	-0.140013	-0.140304	-0.141111	0.0261055	0.115851	0.175203	0.210391	0.235717	0.251341	0.256834	0.266749	0.270248	0.268668	0.269698	0.272257	0.271215	0.27584	0.281743	0.284448	0.290435	0.292061	0.293399	0.287768	0.287035	0.280405	0.281731	0.272937	0.267845	0.264867	0.260758	0.255378	0.248625	0.247717	0.245332	0.239488	0.233818	0.231036	0.225195	0.220921	0.220841	0.222097	0.221339	0.222951	0.22819	0.235743	0.244712	0.256138	0.267409	0.274607	0.279035	0.282804	0.285689	0.286516	0.284753	0.283439	0.281167	0.274082	0.262645	0.254462	0.250304	0.247241	0.248614	0.245786	0.239224	0.235289	0.231872	0.233956	0.234425	0.229122	0.229678	0.230198	0.22647	0.225807	0.224436	0.213776	0.207523	0.217011	0.224835	0.235964	0.231291	0.237805	0.243703	0.257448	0.254847	0.256826	0.246363	0.239406	0.264177	0.287407	0.265118	0.248479	0.227801	0.242454	0.286619	0.348705	0.381759
13	0.254145	0.265751	0.209428	2.400519	-0.084529	0.184866	-0.105263	-0.105263	-0.105263	-0.105263	-0.105263	-0.105263	-0.105263	-0.105607	-0.105933	-0.106192	-0.106338	-0.106628	-0.107306	0.0607274	0.133035	0.188792	0.220269	0.246535	0.261323	0.268689	0.277807	0.281551	0.283428	0.281428	0.285281	0.288662	0.29129	0.297204	0.304543	0.31087	0.31803	0.31622	0.30696	0.298526	0.299677	0.303509	0.295991	0.284311	0.277353	0.277369	0.273397	0.270119	0.265459	0.2589	0.25379	0.252208	0.248341	0.239233	0.235882	0.234641	0.234662	0.236227	0.236503	0.241524	0.249774	0.259438	0.26938	0.280347	0.289881	0.296231	0.301394	0.303221	0.300219	0.301125	0.299797	0.291671	0.282943	0.273966	0.265944	0.261611	0.256341	0.256707	0.256652	0.255176	0.253839	0.249465	0.246498	0.241971	0.234524	0.234014	0.23631	0.241488	0.237145	0.231849	0.235871	0.232721	0.228102	0.244465	0.258443	0.256801	0.265389	0.25885	0.257298	0.252989	0.256352	0.249987	0.255121	0.254083	0.264807	0.274924	0.269664	0.271934	0.301492	0.333909	0.341069	0.374557
14	0.261814	0.274130	0.216501	2.476207	-0.101070	0.181826	-0.0810981	-0.0810981	-0.0810981	-0.0810981	-0.0810981	-0.0810981	-0.0810981	-0.0814208	-0.0817305	-0.0819908	-0.0821649	-0.0824516	-0.0830404	0.0447723	0.141976	0.197039	0.222017	0.250636	0.267231	0.277359	0.287735	0.289845	0.290422	0.291198	0.293543	0.301166	0.301659	0.303581	0.309535	0.312973	0.326594	0.327236	0.324974	0.318457	0.310282	0.311821	0.304703	0.295757	0.292493	0.287807	0.282447	0.27505	0.268492	0.2688	0.266536	0.26086	0.254584	0.249712	0.244559	0.242942	0.242875	0.245267	0.247108	0.250133	0.255775	0.265004	0.274524	0.284621	0.297565	0.306764	0.312404	0.31355	0.310666	0.307544	0.306124	0.300734	0.289994	0.283851	0.278604	0.270266	0.263284	0.261532	0.263856	0.261803	0.257331	0.254038	0.253486	0.254996	0.248745	0.244363	0.239265	0.24499	0.246152	0.242374	0.237358	0.232502	0.228516	0.238392	0.255244	0.265632	0.271771	0.268678	0.272259	0.286388	0.283006	0.28466	0.274684	0.280938	0.257048	0.24553	0.273216	0.301212	0.296362	0.301458	0.313251	0.338206
15	0.266192	0.280351	0.221892	2.532403	-0.166520	0.176934	-0.052466	-0.052466	-0.052466	-0.052466	-0.052466	-0.052466	-0.052466	-0.0527597	-0.0530474	-0.0533054	-0.0535097	-0.0537894	-0.0542677	0.0353058	0.117103	0.184666	0.220062	0.254138	0.272896	0.282857	0.293913	0.29941	0.296835	0.293939	0.297606	0.305399	0.310852	0.322719	0.328825	0.334864	0.336282	0.333429	0.324057	0.316966	0.316589	0.319525	0.311208	0.301909	0.29504	0.297592	0.296203	0.288095	0.280028	0.277729	0.277015	0.270107	0.263174	0.256369	0.25194	0.249915	0.247812	0.248165	0.250776	0.254684	0.263	0.274116	0.282686	0.293226	0.303491	0.312081	0.318894	0.31801	0.314427	0.313854	0.3136	0.304815	0.295285	0.289195	0.283768	0.272352	0.265773	0.264493	0.264323	0.265918	0.260243	0.253301	0.249305	0.250604	0.248829	0.244464	0.242398	0.24604	0.249136	0.244031	0.244106	0.24091	0.239569	0.247445	0.256789	0.24763	0.258906	0.287037	0.296179	0.265547	0.245273	0.257411	0.263889	0.26439	0.269684	0.275277	0.27543	0.294624	0.28888	0.268487	0.279798	0.347799
16	0.274458	0.289887	0.225907	2.618543	-0.204013	0.249652	-0.152565	-0.152565	-0.152565	-0.152565	-0.152565	-0.152565	-0.152565	-0.152985	-0.153375	-0.153668	-0.153794	-0.154126	-0.155023	0.0443722	0.123716	0.195322	0.23338	0.258721	0.278074	0.292668	0.302507	0.30744	0.308444	0.306367	0.30934	0.318673	0.321334	0.330525	0.333566	0.334994	0.342921	0.341906	0.346504	0.344493	0.338853	0.330685	0.31847	0.312687	0.312301	0.308329	0.304542	0.295615	0.286693	0.282877	0.281085	0.276377	0.270555	0.263781	0.262731	0.261499	0.261054	0.259284	0.259294	0.264295	0.272812	0.281287	0.291262	0.303699	0.312764	0.320099	0.327385	0.332016	0.330337	0.326289	0.323679	0.314894	0.304607	0.297024	0.292838	0.283656	0.273552	0.270757	0.270545	0.270311	0.269232	0.264221	0.256967	0.255446	0.258988	0.253656	0.252172	0.256539	0.257571	0.255866	0.255764	0.253001	0.250442	0.260207	0.270536	0.274175	0.276567	0.274693	0.275182	0.268682	0.263023	0.27893	0.298528	0.296802	0.294593	0.280235	0.292047	0.293139	0.292478	0.291275	0.321318	0.353887
17	0.284728	0.300634	0.239764	2.715618	-0.207720	0.155391	-0.0208175	-0.0208175	-0.0208175	-0.0208175	-0.0208175	-0.0208175	-0.0208175	-0.0210903	-0.021365	-0.021632	-0.0218815	-0.0221653	-0.0225293	0.0678426	0.150769	0.212042	0.243031	0.272074	0.289416	0.300731	0.310929	0.316848	0.316512	0.314707	0.316422	0.326863	0.32906	0.338262	0.353687	0.359173	0.357862	0.357041	0.354449	0.35744	0.342127	0.332845	0.329545	0.328535	0.328215	0.322518	0.312561	0.30431	0.299569	0.295431	0.29252	0.28754	0.284026	0.278984	0.275272	0.270472	0.267434	0.267475	0.269453	0.275355	0.2833	0.292011	0.303024	0.315418	0.326249	0.334701	0.342208	0.344925	0.342385	0.339151	0.334858	0.327601	0.316078	0.303854	0.295774	0.29047	0.282293	0.279403	0.281207	0.278958	0.278403	0.269362	0.26441	0.265178	0.265235	0.261331	0.249422	0.251312	0.258764	0.259614	0.25009	0.24316	0.247039	0.269642	0.279448	0.27385	0.280362	0.293799	0.289592	0.285857	0.267663	0.251997	0.281451	0.291753	0.255386	0.283773	0.289496	0.317927	0.327552	0.309357	0.314637	0.342821
18	0.299154	0.317066	0.255296	2.864044	-0.264949	0.118058	-0.0154716	-0.0154716	-0.0154716	-0.0154716	-0.0154716	-0.0154716	-0.0154716	-0.0157523	-0.0160365	-0.016317	-0.0165863	-0.0168833	-0.0172378	0.106246	0.171158	0.223425	0.255353	0.284749	0.30074	0.3154	0.327474	0.331725	0.333948	0.334796	0.341878	0.347156	0.349559	0.357463	0.37018	0.381432	0.388419	0.385526	0.381068	0.379477	0.373416	0.365626	0.361376	0.350405	0.346765	0.339204	0.330717	0.325461	0.324137	0.318037	0.310932	0.30748	0.303609	0.295639	0.290138	0.285386	0.283314	0.283474	0.283383	0.28646	0.293775	0.303482	0.314753	0.327141	0.337983	0.349554	0.359556	0.364738	0.363416	0.360169	0.353727	0.3428	0.329517	0.316136	0.309454	0.30605	0.299791	0.289405	0.286474	0.287942	0.289032	0.2891	0.282619	0.277634	0.27569	0.268883	0.264012	0.264483	0.264545	0.267118	0.264229	0.264163	0.27322	0.283557	0.29683	0.29671	0.306556	0.307993	0.292355	0.295905	0.303271	0.307581	0.309991	0.294988	0.29201	0.321568	0.321532	0.318869	0.324552	0.335304	0.390409	0.42529
19	0.315126	0.334155	0.269978	3.018410	-0.285385	0.107014	0.0115194	0.0115194	0.0115194	0.0115194	0.0115194	0.0115194	0.0115194	0.0112565	0.0109834	0.0106951	0.0103873	0.0100866	0.00982809	0.11974	0.185931	0.246388	0.270348	0.296557	0.318953	0.33272	0.341302	0.348136	0.351038	0.35001	0.354261	0.361663	0.371123	0.381218	0.384801	0.391662	0.403623	0.414706	0.418999	0.406726	0.393118	0.385616	0.379641	0.372834	0.366274	0.356123	0.348863	0.34543	0.338771	0.336275	0.335952	0.329797	0.322482	0.313983	0.307465	0.302774	0.300343	0.299098	0.297067	0.300467	0.308034	0.317272	0.329226	0.341062	0.353788	0.364134	0.372945	0.379492	0.380794	0.378727	0.374622	0.365407	0.349744	0.332843	0.31965	0.314004	0.31025	0.308171	0.305376	0.3025	0.304329	0.300806	0.29412	0.292956	0.295648	0.294338	0.294743	0.296082	0.296293	0.290436	0.285195	0.282373	0.284249	0.303131	0.317979	0.3136	0.312899	0.316783	0.322382	0.326403	0.313068	0.314686	0.304125	0.303325	0.315014	0.344735	0.329346	0.33042	0.356936	0.406685	0.392731	0.374569
20	0.326943	0.350135	0.274897	3.162761	-0.430410	0.263020	-0.164381	-0.164381	-0.164381	-0.164381	-0.164381	-0.164381	-0.164381	-0.164865	-0.165318	-0.165666	-0.165835	-0.166227	-0.167227	0.0660086	0.175232	0.24172	0.275877	0.310625	0.33471	0.348735	0.35826	0.363851	0.368501	0.369949	0.368811	0.375894	0.393435	0.403399	0.410542	0.410336	0.424255	0.435265	0.428429	0.41794	0.416972	0.412054	0.40584	0.401325	0.387753	0.375881	0.370241	0.361086	0.358923	0.356053	0.350491	0.346601	0.341619	0.331942	0.322047	0.316066	0.312521	0.309306	0.308493	0.312596	0.322527	0.333158	0.348343	0.360922	0.374518	0.384873	0.391375	0.395395	0.397092	0.395659	0.392253	0.382555	0.366483	0.354325	0.341342	0.32684	0.321925	0.321156	0.312257	0.307181	0.308373	0.311743	0.309516	0.305119	0.300815	0.300066	0.297936	0.292554	0.296698	0.303283	0.297458	0.287874	0.285658	0.288052	0.296853	0.305053	0.321853	0.324336	0.307924	0.307762	0.302424	0.280006	0.271283	0.309009	0.303802	0.309071	0.309619	0.298861	0.35606	0.41809	0.428957	0.430778
21	0.343736	0.368705	0.292911	3.330502	-0.475313	0.212140	-0.0529215	-0.0529215	-0.0529215	-0.0529215	-0.0529215	-0.0529215	-0.0529215	-0.0532882	-0.0536506	-0.0539849	-0.0542667	-0.0546265	-0.0551849	0.0830935	0.183224	0.258218	0.298261	0.326035	0.348917	0.367617	0.374073	0.377964	0.382988	0.391688	0.388012	0.387939	0.406814	0.423874	0.425321	0.428795	0.448785	0.459516	0.451977	0.445732	0.441581	0.436965	0.426091	0.414324	0.401395	0.397879	0.392777	0.386571	0.383989	0.381177	0.378467	0.370057	0.362103	0.351352	0.3418	0.33486	0.329139	0.325962	0.32697	0.329899	0.336776	0.348329	0.364478	0.379397	0.390095	0.400213	0.410538	0.416309	0.416463	0.416987	0.412705	0.400325	0.384922	0.367981	0.354811	0.345194	0.337441	0.332914	0.327336	0.324433	0.325332	0.324985	0.326367	0.322561	0.312803	0.309974	0.308123	0.306171	0.310821	0.308894	0.298968	0.292857	0.299771	0.311561	0.325445	0.32504	0.321369	0.322969	0.341754	0.325198	0.299546	0.296905	0.31491	0.306522	0.315219	0.331313	0.329432	0.331496	0.390133	0.413171	0.411281	0.423686
22	0.356470	0.382780	0.305247	3.457636	-0.509075	0.198421	-0.0771508	-0.0771508	-0.0771508	-0.0771508	-0.0771508	-0.0771508	-0.0771508	-0.0775581	-0.077956	-0.0783095	-0.0785833	-0.0789672	-0.0796353	0.118229	0.191588	0.258809	0.306727	0.334944	0.360746	0.381606	0.388223	0.394602	0.40077	0.404858	0.405557	0.414623	0.426679	0.439089	0.448988	0.462875	0.473216	0.471755	0.465822	0.459727	0.454605	0.456817	0.453806	0.43555	0.424509	0.418835	0.412414	0.405804	0.398264	0.395765	0.393233	0.386222	0.37751	0.366664	0.353423	0.345112	0.338415	0.336022	0.33683	0.340429	0.348942	0.361904	0.377164	0.391991	0.402797	0.415843	0.425903	0.429991	0.429951	0.430192	0.426578	0.41631	0.401267	0.38388	0.370642	0.358837	0.347274	0.340804	0.34396	0.343969	0.335857	0.332891	0.338049	0.334077	0.320644	0.318042	0.315116	0.312326	0.319726	0.328938	0.33356	0.322296	0.305259	0.303694	0.326474	0.337855	0.336523	0.344458	0.329428	0.332038	0.338959	0.33663	0.329698	0.322098	0.338898	0.359993	0.324802	0.324659	0.347935	0.346016	0.393398	0.441112
23	0.367489	0.397241	0.310700	3.588267	-0.627219	0.320699	-0.172556	-0.172556	-0.172556	-0.172556	-0.172556	-0.172556	-0.172556	-0.173087	-0.173587	-0.173978	-0.174181	-0.17462	-0.175698	0.0657733	0.179087	0.258383	0.314327	0.348219	0.375378	0.394711	0.402955	0.408525	0.411784	0.417264	0.417651	0.419373	0.433281	0.457736	0.465044	0.471384	0.486701	0.499478	0.494407	0.489047	0.48627	0.4799	0.469989	0.455319	0.447159	0.438661	0.428899	0.420922	0.417539	0.415131	0.40999	0.40165	0.38955	0.377674	0.364298	0.356609	0.353546	0.351016	0.34902	0.354401	0.36388	0.376481	0.392801	0.408023	0.419154	0.430381	0.439677	0.445216	0.446421	0.442443	0.437779	0.428138	0.414354	0.397044	0.381642	0.371593	0.363725	0.355651	0.353235	0.348594	0.341964	0.345016	0.349322	0.34665	0.335998	0.329445	0.325813	0.322314	0.325593	0.334754	0.326308	0.309707	0.31147	0.333967	0.350271	0.345396	0.335531	0.335831	0.326226	0.34087	0.346935	0.354645	0.363257	0.359201	0.384789	0.408823	0.40695	0.405098	0.411887	0.454407	0.486397	0.508799
24	0.381847	0.411243	0.328558	3.714741	-0.592572	0.201605	-0.11104	-0.11104	-0.11104	-0.11104	-0.11104	-0.11104	-0.11104	-0.111512	-0.111967	-0.112354	-0.112625	-0.11305	-0.113884	0.131245	0.229247	0.287847	0.32944	0.364583	0.387398	0.407731	0.418541	0.426874	0.431378	0.437577	0.438432	0.441072	0.450869	0.474282	0.492362	0.500592	0.504873	0.504386	0.508779	0.505461	0.501679	0.493616	0.480413	0.460861	0.454087	0.446842	0.442466	0.437739	0.433945	0.432221	0.427321	0.419306	0.405785	0.391419	0.379245	0.371163	0.365435	0.36204	0.361467	0.366896	0.378766	0.390119	0.404009	0.422562	0.435459	0.445698	0.453694	0.458668	0.461243	0.459693	0.452754	0.444071	0.430128	0.410748	0.393517	0.382134	0.374665	0.364248	0.360466	0.363032	0.358003	0.354454	0.360255	0.360736	0.355422	0.349161	0.342742	0.332667	0.337793	0.338479	0.331626	0.337748	0.336489	0.334863	0.355856	0.365609	0.364186	0.362298	0.367373	0.362116	0.351897	0.352331	0.339954	0.35269	0.369553	0.379769	0.400691	0.41588	0.411699	0.455896	0.460125	0.441544
25	0.402816	0.432523	0.354659	3.906963	-0.574349	0.040235	0.0576078	0.0576078	0.0576078	0.0576078	0.0576078	0.0576078	0.0576078	0.0573173	0.0570034	0.0566409	0.0562046	0.0558336	0.0556765	0.186087	0.269171	0.312397	0.358073	0.384146	0.404568	0.425116	0.438315	0.445756	0.450264	0.457685	0.45745	0.460684	0.473511	0.497516	0.519237	0.536272	0.550257	0.556398	0.548112	0.540116	0.535307	0.520263	0.500327	0.493128	0.480678	0.471938	0.471308	0.465773	0.457939	0.453478	0.447444	0.43569	0.422363	0.410235	0.398728	0.389544	0.384191	0.382534	0.381314	0.386452	0.395328	0.410016	0.427674	0.442516	0.45737	0.468656	0.476742	0.48265	0.48015	0.476806	0.472125	0.461511	0.447241	0.433689	0.420365	0.405712	0.393326	0.385004	0.378879	0.37551	0.375712	0.371764	0.369573	0.370271	0.369884	0.367647	0.364699	0.359353	0.361044	0.369041	0.363696	0.364215	0.364342	0.364435	0.374144	0.372241	0.37974	0.41014	0.408123	0.400925	0.398422	0.42531	0.413861	0.384325	0.392585	0.42383	0.426955	0.438423	0.466525	0.519552	0.504922	0.500178
26	0.416673	0.450100	0.362585	4.065741	-0.699184	0.164354	-0.054548	-0.054548	-0.054548	-0.054548	-0.054548	-0.054548	-0.054548	-0.0549851	-0.0554194	-0.0558263	-0.0561804	-0.0566164	-0.0572525	0.157214	0.248665	0.312815	0.368955	0.406753	0.424383	0.442948	0.45838	0.46489	0.466058	0.469267	0.474498	0.478908	0.488761	0.505984	0.537166	0.559033	0.566259	0.570164	0.573676	0.571088	0.56539	0.543875	0.524833	0.519612	0.510591	0.49854	0.489915	0.48507	0.476246	0.474549	0.466248	0.454368	0.442595	0.425575	0.412101	0.406975	0.400357	0.395604	0.397602	0.402886	0.413599	0.426741	0.442206	0.460282	0.476854	0.489952	0.496732	0.499367	0.499433	0.496814	0.491277	0.48085	0.467158	0.450583	0.433856	0.421102	0.408131	0.399851	0.39176	0.386741	0.388927	0.385775	0.380882	0.383275	0.382814	0.375379	0.369437	0.371861	0.372553	0.375163	0.375053	0.361481	0.360358	0.367623	0.371276	0.382532	0.398273	0.397326	0.384573	0.382581	0.380516	0.371828	0.376236	0.403133	0.438947	0.45032	0.457673	0.464329	0.474736	0.484111	0.492632	0.527092
27	0.437029	0.472424	0.384142	4.267391	-0.746384	0.105033	0.0359921	0.0359921	0.0359921	0.0359921	0.0359921	0.0359921	0.0359921	0.0356433	0.0352753	0.0348725	0.0344196	0.0340027	0.0337141	0.137278	0.254859	0.340925	0.38721	0.422765	0.443319	0.465587	0.481551	0.489131	0.492823	0.4948	0.499423	0.508443	0.515495	0.528292	0.559291	0.584323	0.59433	0.605509	0.609698	0.596614	0.583546	0.568136	0.554943	0.540552	0.526205	0.525639	0.522194	0.516914	0.509626	0.502312	0.489337	0.474414	0.461073	0.446966	0.436037	0.427148	0.421486	0.416482	0.417997	0.422753	0.432617	0.448722	0.466734	0.48427	0.499196	0.511037	0.519406	0.527795	0.52838	0.520826	0.51054	0.500281	0.487496	0.472161	0.455564	0.441286	0.425152	0.416039	0.411592	0.407124	0.403461	0.398046	0.392583	0.392722	0.392754	0.387401	0.383143	0.387456	0.392872	0.396184	0.386108	0.381701	0.391748	0.395842	0.404968	0.418342	0.419467	0.418122	0.421431	0.402797	0.392557	0.417517	0.409196	0.41133	0.429044	0.445148	0.471959	0.489137	0.473587	0.494975	0.527793	0.568645
28	0.457845	0.495240	0.403574	4.473486	-0.794149	0.093495	0.0440745	0.0440745	0.0440745	0.0440745	0.0440745	0.0440745	0.0440745	0.0437162	0.0433363	0.0429157	0.0424354	0.0420011	0.041731	0.206432	0.292388	0.356137	0.405274	0.443095	0.465345	0.4868	0.507164	0.513141	0.514181	0.519986	0.527102	0.529476	0.541296	0.561074	0.573757	0.597302	0.620915	0.63029	0.624888	0.616853	0.604771	0.59342	0.585352	0.569954	0.564457	0.554172	0.550426	0.545803	0.535532	0.521601	0.512582	0.502089	0.48744	0.4715	0.457896	0.449036	0.442241	0.436544	0.436362	0.44376	0.455175	0.470326	0.487218	0.504491	0.522168	0.538251	0.54579	0.55016	0.551906	0.547375	0.537165	0.522978	0.505216	0.487596	0.474552	0.463094	0.451345	0.435068	0.427721	0.423222	0.41827	0.417852	0.414755	0.411237	0.411097	0.407819	0.401965	0.39838	0.403611	0.410357	0.416247	0.41907	0.415372	0.418981	0.419939	0.427203	0.45013	0.448361	0.443501	0.451526	0.447958	0.451806	0.447223	0.455231	0.474251	0.481271	0.489068	0.474228	0.520111	0.577709	0.541965	0.559735
29	0.477988	0.516685	0.422395	4.667197	-0.815750	0.072150	0.107976	0.107976	0.107976	0.107976	0.107976	0.107976	0.107976	0.107676	0.107339	0.106917	0.106362	0.105937	0.105909	0.212744	0.309705	0.378157	0.419345	0.46147	0.48802	0.50769	0.524628	0.532598	0.537298	0.539789	0.54944	0.552198	0.566615	0.584396	0.600897	0.615458	0.63214	0.644123	0.645518	0.642788	0.639911	0.622366	0.605722	0.597288	0.589757	0.589506	0.581713	0.569672	0.556255	0.548562	0.536719	0.525894	0.511208	0.494245	0.478454	0.467572	0.461836	0.458407	0.457568	0.46027	0.468202	0.48324	0.501557	0.521932	0.542156	0.558193	0.573553	0.579827	0.578765	0.570085	0.558323	0.545228	0.524849	0.505216	0.492162	0.479255	0.470352	0.462323	0.449443	0.443626	0.442924	0.43899	0.435133	0.426115	0.427886	0.43325	0.431323	0.429957	0.420399	0.41831	0.433631	0.434724	0.4305	0.435129	0.443218	0.441107	0.445306	0.45763	0.450226	0.426687	0.435831	0.445066	0.454395	0.486225	0.498461	0.512397	0.523729	0.552121	0.562409	0.578621	0.588788	0.619082
30	0.523002	0.565982	0.465898	5.112493	-0.917414	0.018570	0.13938	0.13938	0.13938	0.13938	0.13938	0.13938	0.13938	0.139076	0.138725	0.138268	0.137641	0.137184	0.137242	0.259453	0.318129	0.413345	0.46323	0.50105	0.53823	0.559721	0.572277	0.58347	0.587961	0.590981	0.600258	0.611888	0.619404	0.634358	0.667738	0.695462	0.712977	0.719305	0.718848	0.714745	0.708345	0.68723	0.673169	0.66362	0.651758	0.646415	0.635235	0.619215	0.607414	0.603287	0.595082	0.583266	0.563899	0.544738	0.528268	0.513206	0.503887	0.497182	0.492996	0.498033	0.511774	0.528895	0.550674	0.570891	0.58881	0.60497	0.618698	0.627925	0.632039	0.628092	0.617163	0.602659	0.576587	0.553876	0.5358	0.521582	0.51339	0.504825	0.497002	0.487293	0.483499	0.477595	0.472326	0.470672	0.465342	0.467995	0.469394	0.462301	0.463514	0.465867	0.471298	0.475222	0.470603	0.466253	0.46025	0.471735	0.492075	0.506233	0.509919	0.507385	0.510678	0.52368	0.521653	0.518255	0.537187	0.534405	0.536482	0.540287	0.556744	0.60115	0.620902	0.666734
31	0.559660	0.606360	0.497370	5.477228	-1.009260	0.053231	0.103249	0.103249	0.103249	0.103249	0.103249	0.103249	0.103249	0.102868	0.102449	0.101947	0.101316	0.100805	0.100679	0.282045	0.364599	0.444809	0.501217	0.539311	0.574953	0.604407	0.616477	0.624072	0.630316	0.638003	0.644221	0.650098	0.660172	0.684135	0.704565	0.733439	0.751156	0.764419	0.763075	0.756808	0.750705	0.740547	0.723455	0.717352	0.707279	0.696377	0.68155	0.664914	0.65192	0.643573	0.637693	0.626934	0.604665	0.582181	0.564958	0.550122	0.537522	0.52939	0.527958	0.536017	0.550835	0.570989	0.593138	0.615445	0.632838	0.649437	0.66246	0.670628	0.670007	0.667629	0.661758	0.64378	0.621288	0.597966	0.575033	0.554941	0.541946	0.537369	0.534606	0.52986	0.524088	0.517243	0.509958	0.494018	0.485433	0.487751	0.495162	0.491509	0.492703	0.501382	0.503979	0.504326	0.511934	0.512972	0.50097	0.499269	0.527991	0.529389	0.533169	0.548152	0.564523	0.554498	0.550936	0.540481	0.535931	0.54718	0.558817	0.59338	0.605856	0.620301	0.63808	0.702774
32	0.590519	0.640200	0.525861	5.782901	-1.080724	0.042350	0.102355	0.102355	0.102355	0.102355	0.102355	0.102355	0.102355	0.101944	0.101495	0.100962	0.100301	0.0997581	0.0995934	0.261924	0.392566	0.486082	0.535111	0.570326	0.608568	0.635656	0.649243	0.657921	0.666832	0.678807	0.682682	0.688956	0.701243	0.721259	0.749425	0.776732	0.801491	0.800589	0.79725	0.792527	0.790785	0.782147	0.773188	0.761063	0.749093	0.731465	0.718906	0.707435	0.697178	0.692863	0.683277	0.657814	0.63856	0.614484	0.594008	0.581006	0.571301	0.56206	0.558757	0.56572	0.577138	0.59545	0.618609	0.642905	0.66653	0.686879	0.700855	0.707123	0.705205	0.697473	0.691724	0.678607	0.655279	0.631504	0.60936	0.590288	0.576128	0.564736	0.560592	0.55999	0.554257	0.546576	0.532909	0.522894	0.518297	0.513924	0.517126	0.52074	0.52047	0.528433	0.533313	0.539239	0.551673	0.562217	0.556646	0.553068	0.557051	0.564153	0.587316	0.602215	0.593149	0.596279	0.62351	0.638608	0.619984	0.604373	0.620305	0.648696	0.65118	0.678413	0.717439	0.717171
33	0.615461	0.667518	0.551312	6.029669	-1.137191	-0.012703	0.113335	0.113335	0.113335	0.113335	0.113335	0.113335	0.113335	0.112914	0.112451	0.111896	0.111199	0.110635	0.110492	0.306753	0.403749	0.483275	0.551087	0.59834	0.642656	0.66934	0.684823	0.690217	0.696717	0.704824	0.71111	0.722682	0.73833	0.756764	0.790765	0.813997	0.83547	0.848037	0.84219	0.839935	0.831826	0.821525	0.812145	0.797381	0.776559	0.759853	0.746236	0.741619	0.733791	0.724081	0.707285	0.687218	0.66434	0.643611	0.623171	0.606155	0.595125	0.585307	0.579686	0.584221	0.600364	0.621008	0.643963	0.66952	0.694874	0.714545	0.728838	0.737894	0.736423	0.729387	0.716866	0.703767	0.686334	0.661655	0.637043	0.613632	0.597105	0.587641	0.582344	0.577366	0.571423	0.566527	0.557978	0.546877	0.540943	0.540137	0.537681	0.547898	0.546706	0.549471	0.55873	0.571279	0.574948	0.573792	0.561504	0.560869	0.573945	0.593383	0.607585	0.630896	0.638432	0.616619	0.598571	0.622405	0.641218	0.620291	0.633007	0.651621	0.645107	0.660263	0.700392	0.723272
