Reading	X	Y	Z	L*	a*	b*	380.000	390.000	400.000	410.000	420.000	430.000	440.000	450.000	460.000	470.000	480.000	490.000	500.000	510.000	520.000	530.000	540.000	550.000	560.000	570.000	580.000	590.000	600.000	610.000	620.000	630.000	640.000	650.000	660.000	670.000	680.000	690.000	700.000	710.000	720.000	730.000
2	0.180751	0.182346	0.157893	1.647121	0.199186	-0.141132	0.0245548	0.0243497	0.0241266	0.0238849	0.023711	0.162748	0.202905	0.212587	0.213882	0.20519	0.213618	0.201287	0.188269	0.185209	0.184	0.170974	0.16147	0.158207	0.168761	0.187985	0.198235	0.205792	0.200354	0.192456	0.186172	0.174286	0.175818	0.183796	0.185427	0.197386	0.198198	0.205132	0.199602	0.235066	0.304056	0.351912
3	0.183903	0.185652	0.156376	1.676989	0.197723	-0.060991	0.0110496	0.0108245	0.0105796	0.0103142	0.0101186	0.155221	0.202663	0.212904	0.211362	0.208441	0.210769	0.197786	0.191042	0.184402	0.187264	0.175474	0.165242	0.161883	0.170738	0.192169	0.202089	0.209637	0.206122	0.192126	0.191686	0.184367	0.181891	0.187662	0.192734	0.192447	0.200803	0.210408	0.211311	0.231052	0.265182	0.311548
4	0.188652	0.191440	0.160171	1.729275	0.164130	-0.042489	0.0332669	0.0330657	0.0328467	0.0326093	0.03243	0.155687	0.206641	0.215816	0.214159	0.213852	0.211383	0.202152	0.200259	0.195256	0.190907	0.179001	0.170234	0.167876	0.179948	0.199923	0.209389	0.214296	0.211561	0.200551	0.194431	0.183011	0.180263	0.188231	0.192299	0.199379	0.211578	0.217763	0.219689	0.210355	0.240169	0.339787
5	0.193715	0.197469	0.159173	1.783733	0.133827	0.070241	-0.0118567	-0.012123	-0.0124129	-0.012727	-0.0129643	0.14919	0.20614	0.215407	0.217727	0.213364	0.221837	0.215984	0.205817	0.195808	0.194462	0.181708	0.172737	0.175277	0.186005	0.207186	0.221655	0.224521	0.221616	0.206368	0.199255	0.188219	0.184815	0.188024	0.187025	0.199266	0.193152	0.182297	0.206711	0.214759	0.261084	0.274567
6	0.208580	0.212994	0.168482	1.923963	0.129670	0.136266	0.0134433	0.013194	0.0129227	0.0126287	0.012406	0.163752	0.214268	0.225693	0.224524	0.224849	0.230487	0.230496	0.219989	0.214636	0.207158	0.196736	0.189509	0.187348	0.200996	0.224587	0.241566	0.244276	0.233231	0.219465	0.210685	0.209622	0.200606	0.206242	0.208599	0.215087	0.225239	0.22471	0.234422	0.252677	0.286736	0.342713
7	0.222007	0.227623	0.174044	2.056112	0.102254	0.259103	0.0214567	0.021204	0.0209291	0.0206312	0.0203967	0.160092	0.219295	0.233351	0.231648	0.232211	0.242919	0.23685	0.231278	0.229043	0.218665	0.209902	0.199199	0.203963	0.217742	0.243051	0.26081	0.261616	0.253645	0.235092	0.221791	0.218997	0.208935	0.215938	0.218017	0.221771	0.225873	0.256895	0.261432	0.286871	0.306949	0.385669
8	0.235174	0.242136	0.176323	2.187201	0.068897	0.442094	-0.0297714	-0.0301063	-0.0304707	-0.0308657	-0.0311724	0.159495	0.22619	0.240439	0.235977	0.23501	0.256242	0.249907	0.243777	0.241736	0.22904	0.220155	0.215298	0.218118	0.229888	0.258044	0.281781	0.286888	0.268722	0.246994	0.235592	0.232542	0.226377	0.230419	0.234449	0.234465	0.227855	0.223633	0.248064	0.264852	0.277023	0.331916
9	0.255618	0.263223	0.189811	2.377686	0.073402	0.515854	-0.00657532	-0.00690194	-0.0072573	-0.00764248	-0.00793482	0.18891	0.237747	0.251109	0.249308	0.25734	0.266815	0.265309	0.26792	0.257796	0.248715	0.242067	0.233233	0.236138	0.251099	0.280613	0.308304	0.314486	0.296406	0.267371	0.255209	0.24625	0.248274	0.245498	0.250797	0.251061	0.254438	0.240199	0.264544	0.282567	0.288235	0.315077
10	0.271112	0.279195	0.197349	2.521960	0.077176	0.622293	-0.00329917	-0.00363795	-0.00400652	-0.00440605	-0.00471835	0.185331	0.246026	0.258634	0.259115	0.26826	0.283189	0.287657	0.285405	0.266324	0.262089	0.258185	0.24883	0.249301	0.265214	0.298333	0.325222	0.334624	0.314944	0.287789	0.272395	0.259699	0.266191	0.264185	0.264425	0.267189	0.271119	0.293658	0.298913	0.313719	0.316659	0.372493
11	0.285724	0.294239	0.207447	2.657853	0.081458	0.665936	0.0412984	0.0410038	0.0406832	0.0403357	0.0400528	0.188572	0.252434	0.26617	0.267954	0.284734	0.300883	0.301068	0.295947	0.279405	0.275466	0.271207	0.26214	0.262442	0.281946	0.316645	0.345014	0.351717	0.332342	0.301367	0.284286	0.274872	0.277343	0.280578	0.290964	0.274858	0.279966	0.287479	0.292881	0.330438	0.351205	0.410694
12	0.300134	0.308458	0.213977	2.786290	0.109743	0.764102	0.00470395	0.00434453	0.00395353	0.00352965	0.00319403	0.198258	0.2613	0.276367	0.280727	0.294886	0.310753	0.317415	0.312128	0.289818	0.286839	0.282031	0.271166	0.274624	0.29577	0.331134	0.365539	0.370264	0.351108	0.319234	0.300195	0.292334	0.293536	0.293582	0.294467	0.294252	0.300636	0.310904	0.310479	0.324034	0.336423	0.390991
13	0.318253	0.327757	0.224327	2.960616	0.090014	0.869251	-0.00108863	-0.00147674	-0.00189893	-0.00235664	-0.00271631	0.212086	0.27264	0.286429	0.288169	0.311115	0.334068	0.341495	0.332797	0.31164	0.304949	0.301256	0.286962	0.291185	0.311855	0.354762	0.385277	0.3926	0.369576	0.342625	0.321937	0.311543	0.309798	0.309298	0.313245	0.31831	0.324795	0.337902	0.356899	0.357921	0.386273	0.466636
14	0.323632	0.333534	0.225418	3.012802	0.082274	0.938640	-0.00948621	-0.00989058	-0.0103305	-0.0108074	-0.0111826	0.211781	0.274	0.288837	0.286977	0.312527	0.340578	0.351726	0.333002	0.316656	0.308719	0.307364	0.290928	0.294216	0.31864	0.359924	0.397348	0.401509	0.378542	0.346677	0.327913	0.315356	0.309636	0.315307	0.324314	0.326295	0.320828	0.336553	0.348442	0.349951	0.407563	0.430802
15	0.334231	0.343602	0.237369	3.103741	0.118303	0.869787	0.0782605	0.0779618	0.0776369	0.0772847	0.0769979	0.228075	0.282295	0.293555	0.292572	0.324425	0.357498	0.363589	0.344204	0.322273	0.319203	0.316196	0.299973	0.303562	0.329432	0.370705	0.407744	0.41335	0.390621	0.358221	0.334295	0.322993	0.319267	0.324013	0.328953	0.338056	0.352005	0.368777	0.384428	0.381369	0.423793	0.446552
16	0.340463	0.350632	0.235866	3.167246	0.096196	1.007653	0.0143539	0.0139633	0.0135384	0.0130777	0.012713	0.224961	0.284665	0.296768	0.297676	0.32281	0.361062	0.370228	0.347153	0.328673	0.322588	0.319872	0.307044	0.311208	0.337106	0.379344	0.416972	0.423997	0.399189	0.366847	0.344395	0.332	0.322467	0.326489	0.333256	0.343305	0.345447	0.351501	0.382144	0.40166	0.404314	0.450659
17	0.346242	0.357502	0.237017	3.229305	0.062063	1.092926	-0.0109638	-0.0113949	-0.0118638	-0.0123722	-0.0127782	0.215485	0.287652	0.301956	0.299499	0.329353	0.366723	0.377089	0.356026	0.3345	0.328475	0.328667	0.309812	0.314819	0.343719	0.391335	0.427881	0.43287	0.406501	0.372597	0.351407	0.335218	0.328563	0.335555	0.331917	0.333545	0.340797	0.353073	0.375775	0.384054	0.397989	0.454223
18	0.357982	0.369715	0.241191	3.339618	0.060655	1.204324	-0.00244203	-0.00287322	-0.00334225	-0.00385079	-0.00426294	0.214758	0.291225	0.307501	0.304513	0.332409	0.374968	0.386032	0.363725	0.34367	0.342677	0.336829	0.319649	0.326552	0.357576	0.403777	0.444479	0.451656	0.420582	0.38361	0.362055	0.346697	0.336917	0.349585	0.352601	0.352574	0.362528	0.364676	0.402927	0.427042	0.42092	0.431057
19	0.368004	0.379855	0.246983	3.431217	0.070518	1.252902	-0.00702647	-0.00747479	-0.00796244	-0.00849116	-0.00891773	0.221744	0.296734	0.314223	0.313994	0.343341	0.384389	0.390107	0.368844	0.351407	0.34998	0.345813	0.331268	0.336485	0.367114	0.41433	0.457028	0.465837	0.43199	0.395739	0.375195	0.357618	0.345748	0.359002	0.351583	0.348376	0.348196	0.373484	0.419422	0.416754	0.421439	0.461645
20	0.383566	0.394121	0.260134	3.560080	0.143491	1.226790	0.0892782	0.0889435	0.0885793	0.0881845	0.0878512	0.238647	0.304492	0.32113	0.322014	0.352205	0.400367	0.411279	0.380956	0.361214	0.364508	0.357929	0.339453	0.348375	0.379741	0.433094	0.47338	0.483042	0.452259	0.411881	0.387111	0.371159	0.361754	0.372519	0.375482	0.386975	0.384842	0.420349	0.411817	0.413099	0.440833	0.473137
21	0.395610	0.406596	0.264032	3.672767	0.144114	1.347480	0.0680452	0.0676697	0.0672612	0.0668183	0.0664507	0.244995	0.310324	0.325085	0.32641	0.358075	0.413357	0.418664	0.392632	0.377302	0.372896	0.366543	0.352726	0.357418	0.391956	0.445925	0.489704	0.500656	0.465012	0.424459	0.405099	0.386189	0.37438	0.383256	0.38647	0.396886	0.399885	0.425918	0.445642	0.47416	0.474306	0.492822
22	0.407227	0.418130	0.273068	3.776953	0.164147	1.356511	0.0786659	0.0782904	0.0778819	0.077439	0.077073	0.258173	0.32035	0.334878	0.337407	0.368845	0.422886	0.436065	0.404052	0.38442	0.386035	0.37883	0.362655	0.367891	0.402268	0.455043	0.50214	0.515318	0.481047	0.435441	0.412315	0.397755	0.388579	0.397004	0.409425	0.407549	0.421037	0.451307	0.511175	0.528508	0.50651	0.538478
23	0.412249	0.422416	0.277952	3.815666	0.200062	1.331049	0.10401	0.103663	0.103286	0.102877	0.102536	0.265459	0.324525	0.337338	0.342198	0.374032	0.432344	0.434106	0.407313	0.391038	0.3899	0.382974	0.364034	0.371143	0.406366	0.457149	0.508236	0.521163	0.486275	0.44468	0.420358	0.402511	0.388197	0.396605	0.412024	0.424327	0.427842	0.447561	0.468408	0.510983	0.522982	0.585729
24	0.417692	0.428394	0.276802	3.869668	0.187080	1.445858	0.0605793	0.0601693	0.0597233	0.0592398	0.0588432	0.260876	0.326352	0.340399	0.345423	0.377651	0.428597	0.433789	0.412154	0.393736	0.392598	0.387473	0.371413	0.376668	0.411664	0.466036	0.514981	0.530898	0.499524	0.450535	0.426058	0.406728	0.391531	0.401916	0.413467	0.42277	0.418433	0.439391	0.486125	0.521633	0.52809	0.543479
25	0.425649	0.436938	0.281681	3.946846	0.175718	1.486812	0.058488	0.0580656	0.0576061	0.0571079	0.0566996	0.26515	0.330938	0.34692	0.349522	0.380395	0.445243	0.447157	0.419116	0.404417	0.404036	0.39499	0.379011	0.384006	0.418059	0.471588	0.526246	0.543017	0.50556	0.457479	0.435203	0.418283	0.403485	0.409596	0.420291	0.434966	0.437023	0.462175	0.485954	0.533978	0.55426	0.593256
26	0.434016	0.445186	0.287106	4.021353	0.192458	1.512849	0.0817762	0.0813759	0.0809406	0.0804685	0.0800738	0.265819	0.336761	0.354009	0.355699	0.385311	0.445662	0.457188	0.431621	0.412805	0.40762	0.404014	0.386743	0.388967	0.424905	0.484699	0.533339	0.551926	0.519007	0.467396	0.441178	0.427551	0.408128	0.422805	0.431394	0.439823	0.449605	0.470659	0.513274	0.544509	0.560128	0.559121
27	0.441170	0.451050	0.289535	4.074316	0.253038	1.558306	0.0888477	0.0884513	0.0880202	0.0875527	0.0871667	0.278943	0.340392	0.355891	0.358726	0.390181	0.439552	0.447294	0.434319	0.415531	0.413153	0.405467	0.390258	0.396385	0.430473	0.490851	0.54329	0.56098	0.528564	0.47866	0.449827	0.43696	0.41518	0.420878	0.440174	0.443771	0.446903	0.489481	0.534948	0.545266	0.572941	0.627585
28	0.448685	0.459098	0.294785	4.147019	0.243142	1.584536	0.11772	0.117353	0.116955	0.116523	0.116153	0.272155	0.34435	0.361519	0.363473	0.3896	0.456239	0.462948	0.444526	0.424318	0.420336	0.41252	0.400565	0.402449	0.436197	0.498408	0.550946	0.57057	0.538549	0.485452	0.455046	0.444561	0.424294	0.435671	0.452493	0.45796	0.463175	0.490093	0.540562	0.567186	0.546843	0.603305
29	0.452689	0.463347	0.294709	4.185393	0.239408	1.652138	0.0578201	0.0573686	0.0568775	0.056345	0.0559072	0.276472	0.348517	0.365448	0.366606	0.399304	0.454914	0.463798	0.445901	0.427962	0.423452	0.416606	0.401654	0.406808	0.442024	0.50444	0.555151	0.576418	0.544309	0.490471	0.459998	0.450468	0.433863	0.43558	0.450466	0.453365	0.472959	0.50071	0.533898	0.58515	0.567695	0.566244
30	0.465946	0.476618	0.303171	4.305272	0.258019	1.699058	0.0934714	0.0930535	0.0925991	0.0921063	0.0916921	0.282519	0.355891	0.37385	0.374846	0.407378	0.464359	0.476107	0.459412	0.440025	0.436822	0.429009	0.413714	0.415252	0.451475	0.521893	0.573829	0.592051	0.560335	0.50794	0.474905	0.459252	0.444031	0.440193	0.459494	0.479503	0.492714	0.541324	0.585229	0.591602	0.602621	0.625694
31	0.473921	0.483956	0.308872	4.371552	0.294350	1.705715	0.0851861	0.0847482	0.084272	0.0837556	0.0833251	0.288489	0.357566	0.379219	0.383824	0.423194	0.476353	0.48716	0.463403	0.444842	0.444195	0.433367	0.41985	0.421217	0.457659	0.52775	0.581264	0.601895	0.574411	0.517272	0.482412	0.465164	0.449757	0.452447	0.480512	0.489408	0.515602	0.533815	0.561266	0.620512	0.648311	0.721378
32	0.473305	0.483815	0.306048	4.370287	0.274958	1.756839	0.0679774	0.0675179	0.0670181	0.0664762	0.0660287	0.287738	0.358936	0.377656	0.381339	0.414829	0.471533	0.481122	0.465972	0.448944	0.440347	0.434887	0.417792	0.420897	0.45658	0.529291	0.586416	0.600929	0.573124	0.518946	0.481136	0.466935	0.449041	0.451794	0.467259	0.476124	0.498498	0.526929	0.56228	0.587613	0.566045	0.61098
33	0.471045	0.482356	0.304122	4.357107	0.240488	1.770486	0.0559421	0.055468	0.0549524	0.0543933	0.0539258	0.273161	0.357343	0.379224	0.382653	0.415003	0.470099	0.478056	0.460474	0.447667	0.440183	0.434615	0.418534	0.419689	0.458191	0.527798	0.581287	0.599364	0.571917	0.51594	0.476572	0.46234	0.449977	0.443968	0.466598	0.472341	0.489015	0.519079	0.566383	0.60498	0.610687	0.638119
34	0.176290	0.179739	0.147517	1.623580	0.120504	0.014180	-0.0607512	-0.0610648	-0.0614061	-0.0617759	-0.062047	0.141154	0.199961	0.207629	0.206947	0.202041	0.195133	0.196863	0.183844	0.178589	0.17833	0.171413	0.158427	0.159468	0.168485	0.186619	0.197494	0.202338	0.198935	0.195358	0.179808	0.170073	0.16642	0.169476	0.173512	0.16754	0.165768	0.188562	0.20415	0.227208	0.26496	0.348367
35	0.183348	0.187661	0.157312	1.695137	0.097099	-0.047365	-0.0184914	-0.0187588	-0.0190499	-0.0193653	-0.0195966	0.153934	0.204968	0.213668	0.213003	0.217995	0.213593	0.207599	0.196653	0.189884	0.18802	0.181361	0.167753	0.165549	0.173833	0.190864	0.206857	0.212139	0.208048	0.198171	0.183373	0.172967	0.170454	0.175269	0.185361	0.177824	0.1881	0.212742	0.239702	0.258746	0.327226	0.387454
36	0.188980	0.194911	0.165247	1.760628	0.042244	-0.084271	-0.0220018	-0.0222847	-0.0225926	-0.0229263	-0.0231668	0.166831	0.215328	0.222295	0.223639	0.222389	0.229776	0.224927	0.208634	0.204404	0.200288	0.18707	0.176186	0.173222	0.180202	0.198281	0.209378	0.216205	0.212156	0.202711	0.188711	0.177639	0.177995	0.18373	0.188584	0.18664	0.191689	0.209778	0.221985	0.289034	0.370628	0.395218
37	0.192614	0.200914	0.170679	1.814850	-0.044733	-0.093333	-0.0116299	-0.0119064	-0.0122074	-0.0125336	-0.0127729	0.16662	0.218503	0.229132	0.231841	0.232821	0.235816	0.229959	0.221538	0.208739	0.208769	0.197142	0.186038	0.180427	0.188883	0.204509	0.214606	0.217998	0.210687	0.204977	0.189091	0.181478	0.17859	0.1859	0.191309	0.18676	0.196044	0.218545	0.225449	0.261745	0.304133	0.393579
38	0.201940	0.213248	0.185313	1.926262	-0.148393	-0.177536	0.055482	0.0552793	0.0550586	0.0548195	0.0546379	0.177545	0.228176	0.238255	0.243475	0.251737	0.261845	0.253577	0.2409	0.232739	0.22772	0.211185	0.198561	0.195269	0.200083	0.215329	0.220674	0.229104	0.220262	0.209954	0.196548	0.183562	0.184299	0.188077	0.195301	0.191452	0.212721	0.236733	0.260757	0.329248	0.372842	0.433917
39	0.204328	0.221719	0.187863	2.002782	-0.381792	-0.093751	-0.0199661	-0.0202802	-0.020622	-0.0209925	-0.0212706	0.172563	0.2343	0.250167	0.251673	0.260211	0.270367	0.27054	0.2579	0.255606	0.239532	0.223197	0.214577	0.204462	0.209614	0.223916	0.230022	0.230982	0.221784	0.208846	0.194987	0.184065	0.179383	0.185088	0.183873	0.185729	0.182911	0.183069	0.203224	0.27152	0.321274	0.338957
40	0.217970	0.239362	0.205693	2.162149	-0.517811	-0.155598	0.0556519	0.0554174	0.0551621	0.0548854	0.054668	0.185511	0.24595	0.263086	0.268835	0.28432	0.297055	0.296274	0.284747	0.280258	0.261831	0.246196	0.233625	0.226813	0.227956	0.238769	0.246701	0.244336	0.232785	0.217104	0.203195	0.189989	0.190759	0.191889	0.199333	0.191629	0.203542	0.219879	0.266083	0.298124	0.309724	0.41663
41	0.232725	0.260743	0.226518	2.355286	-0.754511	-0.215783	0.0761018	0.0758658	0.075609	0.0753307	0.0751077	0.20032	0.265586	0.286759	0.295955	0.314267	0.328052	0.327498	0.326316	0.309444	0.291951	0.27927	0.260821	0.249808	0.247644	0.259912	0.264183	0.257661	0.24587	0.222889	0.209262	0.195665	0.200117	0.199636	0.209242	0.215061	0.2192	0.24291	0.288208	0.329322	0.354517	0.525806
42	0.238298	0.270773	0.230855	2.445879	-0.919954	-0.141479	0.0308926	0.0305848	0.0302499	0.0298869	0.0296006	0.19887	0.272614	0.292721	0.301987	0.326172	0.343917	0.346171	0.347898	0.32268	0.307175	0.293468	0.274697	0.259919	0.256797	0.267294	0.273144	0.267493	0.252547	0.22794	0.214122	0.198968	0.198803	0.195894	0.205838	0.206118	0.211451	0.230018	0.275109	0.310203	0.349108	0.427247
43	0.249811	0.285971	0.250989	2.583168	-1.046809	-0.284895	0.0604547	0.0601638	0.0598472	0.0595042	0.0592417	0.23247	0.290136	0.310561	0.320876	0.354363	0.380398	0.378537	0.372534	0.348165	0.329328	0.314996	0.290177	0.277023	0.270483	0.279568	0.285914	0.275982	0.260835	0.233586	0.218313	0.206656	0.206034	0.208196	0.219726	0.219499	0.221436	0.240425	0.283405	0.321078	0.384387	0.42561
44	0.253263	0.295068	0.255414	2.665338	-1.261574	-0.226766	0.023126	0.0227742	0.0223915	0.0219767	0.0216523	0.219362	0.297204	0.320904	0.328483	0.365865	0.39336	0.398815	0.386505	0.366802	0.348838	0.328771	0.303633	0.285827	0.27933	0.288925	0.293379	0.283841	0.259286	0.237151	0.221483	0.204966	0.198272	0.201389	0.201547	0.212473	0.210511	0.246933	0.257509	0.306884	0.355878	0.401193
45	0.265429	0.312173	0.275501	2.819849	-1.436310	-0.339611	0.0717265	0.0714163	0.0710788	0.070713	0.0704251	0.242799	0.316256	0.335402	0.347668	0.387973	0.431632	0.442081	0.416493	0.388573	0.374386	0.35348	0.323119	0.305204	0.296295	0.302873	0.305422	0.29598	0.27254	0.242241	0.224023	0.208638	0.205602	0.20539	0.218119	0.21468	0.232213	0.25511	0.268792	0.31017	0.382966	0.474731
46	0.270967	0.319604	0.281314	2.886972	-1.502017	-0.333631	0.055697	0.0553558	0.0549845	0.0545821	0.0542733	0.255818	0.32071	0.342827	0.357861	0.395015	0.442579	0.452855	0.422916	0.400506	0.386616	0.36233	0.331757	0.313913	0.304586	0.306564	0.310947	0.304392	0.277442	0.246682	0.228972	0.214054	0.205979	0.210452	0.222462	0.2249	0.22409	0.240532	0.275541	0.316668	0.407372	0.444801
47	0.271355	0.323592	0.281193	2.922993	-1.641621	-0.269225	-0.00237956	-0.00280379	-0.00326539	-0.00376573	-0.0041502	0.244338	0.322901	0.351603	0.363889	0.393886	0.451284	0.463539	0.429693	0.412779	0.394555	0.368442	0.33995	0.318691	0.308613	0.311339	0.311937	0.305541	0.275526	0.243804	0.229562	0.214539	0.204925	0.210579	0.217362	0.214134	0.212803	0.236585	0.273065	0.314956	0.344401	0.434993
48	0.281782	0.335222	0.295768	3.028048	-1.673377	-0.363286	0.0583608	0.0580021	0.0576118	0.0571887	0.0568649	0.270023	0.337813	0.36121	0.375351	0.410978	0.470452	0.473624	0.440454	0.429291	0.414257	0.38262	0.352956	0.329397	0.317755	0.322343	0.323891	0.314233	0.285303	0.252915	0.233883	0.221135	0.214124	0.215308	0.22709	0.240248	0.233173	0.263295	0.312452	0.333566	0.384515	0.451287
49	0.284451	0.340412	0.299481	3.074931	-1.767672	-0.352549	0.0741995	0.0738559	0.073482	0.0730767	0.0727584	0.264661	0.342355	0.368804	0.378359	0.414499	0.471336	0.479825	0.45137	0.437322	0.421013	0.390231	0.360199	0.339154	0.325141	0.326669	0.327995	0.318018	0.285164	0.251033	0.234375	0.218727	0.219169	0.219833	0.22442	0.224724	0.238935	0.273473	0.304892	0.318803	0.386005	0.440132
50	0.291748	0.351049	0.310020	3.171014	-1.887187	-0.385864	0.0819936	0.0816463	0.0812683	0.0808586	0.0805363	0.27375	0.351074	0.380292	0.393502	0.430854	0.484899	0.493161	0.475559	0.457379	0.436936	0.405071	0.371608	0.351174	0.334615	0.335771	0.333672	0.326779	0.292886	0.257592	0.239387	0.225413	0.215619	0.219174	0.233448	0.224665	0.23046	0.248288	0.289811	0.327574	0.373305	0.454524
51	0.299476	0.362688	0.321212	3.276146	-2.028279	-0.415896	0.0858746	0.0855166	0.0851271	0.084705	0.0843759	0.288294	0.364087	0.392292	0.408952	0.446715	0.497378	0.504423	0.496819	0.481331	0.452679	0.421124	0.387434	0.366074	0.346009	0.342865	0.34353	0.334434	0.301787	0.263363	0.24137	0.227092	0.214946	0.221958	0.2318	0.231166	0.239242	0.265367	0.299232	0.353449	0.386859	0.462296
52	0.307432	0.373674	0.333228	3.375380	-2.134752	-0.471663	0.11031	0.10997	0.1096	0.109199	0.108887	0.303607	0.370941	0.40259	0.421658	0.466654	0.517693	0.524408	0.510786	0.495863	0.471012	0.437043	0.402331	0.377401	0.357987	0.350927	0.351024	0.340798	0.308447	0.267098	0.245777	0.231851	0.225797	0.225916	0.235712	0.239218	0.239433	0.26556	0.304757	0.361	0.405908	0.455098
53	0.316258	0.386274	0.346176	3.489199	-2.268915	-0.519882	0.128516	0.128184	0.127822	0.12743	0.127122	0.314107	0.384901	0.416067	0.435329	0.48305	0.537616	0.552466	0.533117	0.514873	0.484926	0.455816	0.418994	0.390259	0.370807	0.363158	0.361013	0.348981	0.316207	0.273385	0.246593	0.236895	0.227291	0.230033	0.240548	0.25083	0.264431	0.283849	0.329434	0.376126	0.418937	0.466738
54	0.319806	0.391705	0.352092	3.538260	-2.337120	-0.546987	0.100281	0.0999021	0.0994898	0.0990429	0.0986974	0.318982	0.390777	0.425016	0.445028	0.494396	0.553391	0.570529	0.538636	0.524905	0.496325	0.460495	0.424493	0.395685	0.374381	0.370785	0.363615	0.35296	0.318631	0.275104	0.250496	0.237916	0.230848	0.232538	0.239785	0.249498	0.252112	0.284317	0.322197	0.366045	0.42181	0.402549
55	0.324506	0.398755	0.359326	3.601943	-2.421819	-0.573775	0.149769	0.149448	0.149099	0.14872	0.148411	0.311872	0.397597	0.435258	0.451744	0.499785	0.561835	0.570842	0.553657	0.535804	0.50531	0.473857	0.433549	0.404111	0.382723	0.375349	0.370881	0.357876	0.322128	0.278792	0.25056	0.237704	0.229965	0.233705	0.239546	0.248779	0.265011	0.288269	0.321586	0.349386	0.399155	0.456582
56	0.329426	0.405984	0.367684	3.667237	-2.504606	-0.618996	0.142784	0.142443	0.142071	0.141668	0.141341	0.317506	0.408808	0.444671	0.462832	0.511308	0.576083	0.589462	0.57371	0.549285	0.516358	0.479663	0.441715	0.412498	0.388378	0.381793	0.376465	0.362877	0.326623	0.282331	0.252776	0.240407	0.229693	0.232902	0.244719	0.252628	0.266425	0.303982	0.322118	0.358692	0.402009	0.471338
57	0.333305	0.412368	0.371669	3.724901	-2.596529	-0.594806	0.122918	0.122542	0.122132	0.121689	0.121335	0.324614	0.413291	0.448615	0.468121	0.519369	0.586609	0.598529	0.582189	0.559836	0.528463	0.490142	0.4503	0.41972	0.395632	0.385257	0.379138	0.366775	0.329519	0.283244	0.255107	0.247326	0.235692	0.235772	0.246621	0.253672	0.260529	0.294236	0.356823	0.363352	0.430135	0.480527
58	0.338640	0.420348	0.380250	3.796985	-2.691814	-0.632529	0.146598	0.146243	0.145857	0.145438	0.145103	0.335343	0.418982	0.456811	0.477353	0.527073	0.599911	0.613349	0.600862	0.574502	0.53828	0.501481	0.459692	0.42977	0.403098	0.392701	0.383623	0.371321	0.335963	0.287625	0.25731	0.244	0.23704	0.234683	0.251101	0.269067	0.270576	0.295427	0.354918	0.38457	0.446243	0.489221
59	0.343295	0.426541	0.388272	3.852927	-2.744949	-0.687526	0.143359	0.14299	0.142589	0.142154	0.141808	0.343214	0.427276	0.464974	0.490241	0.544351	0.609274	0.622596	0.610026	0.58249	0.550263	0.510979	0.467794	0.431671	0.409216	0.399249	0.391085	0.374019	0.338028	0.291387	0.25935	0.253043	0.236135	0.238381	0.248348	0.261638	0.268993	0.283446	0.345167	0.382796	0.430642	0.498899
60	0.342242	0.427497	0.386444	3.861565	-2.824715	-0.638122	0.118918	0.118516	0.118078	0.117604	0.117228	0.33625	0.429638	0.468424	0.489173	0.540407	0.606394	0.618822	0.612565	0.586996	0.5522	0.514594	0.472123	0.434738	0.409208	0.399504	0.392252	0.376421	0.337318	0.288661	0.256677	0.246215	0.231588	0.236861	0.247454	0.255657	0.258196	0.282676	0.317199	0.363093	0.355658	0.41633
61	0.350731	0.437775	0.400099	3.954409	-2.882084	-0.735862	0.148094	0.147716	0.147304	0.146857	0.146502	0.351069	0.441159	0.479784	0.50292	0.562333	0.627862	0.640825	0.635425	0.601309	0.566662	0.526359	0.483429	0.442675	0.419336	0.408914	0.399751	0.382903	0.343835	0.294811	0.263484	0.251474	0.239138	0.244535	0.250892	0.260196	0.280469	0.310378	0.357683	0.401118	0.433471	0.533264
62	0.353350	0.444592	0.406582	4.015980	-3.041744	-0.752104	0.133355	0.132948	0.132504	0.132022	0.131639	0.352182	0.451538	0.488442	0.512492	0.570242	0.641995	0.657386	0.644345	0.617289	0.579217	0.542747	0.494023	0.451017	0.425218	0.413451	0.403283	0.383538	0.345706	0.295362	0.262602	0.24692	0.238915	0.240535	0.253268	0.265374	0.265781	0.298855	0.33065	0.355829	0.401571	0.465856
63	0.358771	0.452724	0.413599	4.089436	-3.139472	-0.757918	0.124205	0.123774	0.123305	0.122797	0.122388	0.349796	0.458438	0.499278	0.522478	0.585208	0.658106	0.663378	0.657914	0.630728	0.592808	0.552895	0.50383	0.462085	0.432097	0.420908	0.408473	0.389437	0.350399	0.298961	0.264901	0.252745	0.241626	0.241643	0.25611	0.257493	0.27398	0.29494	0.337914	0.394125	0.438212	0.490313
64	0.363413	0.458740	0.421976	4.143777	-3.186223	-0.822397	0.140345	0.139926	0.139471	0.138978	0.138581	0.359407	0.46267	0.503907	0.530481	0.597382	0.677741	0.687323	0.67346	0.639943	0.603522	0.558582	0.507224	0.468154	0.435121	0.426655	0.41328	0.394393	0.354548	0.300339	0.266504	0.255568	0.24865	0.246231	0.259558	0.265771	0.28524	0.311963	0.345294	0.393855	0.447257	0.504481
65	0.362194	0.456716	0.423186	4.125499	-3.156669	-0.876749	0.165512	0.165129	0.164712	0.164261	0.163902	0.372799	0.461839	0.502224	0.530475	0.596086	0.669556	0.688546	0.670617	0.638965	0.600007	0.55859	0.504884	0.465123	0.432663	0.42285	0.412205	0.39225	0.353529	0.2999	0.265714	0.25599	0.244291	0.241888	0.256141	0.25811	0.276434	0.308147	0.352352	0.399221	0.432146	0.484632
66	0.182257	0.184363	0.156571	1.665348	0.181433	-0.084751	0.00626851	0.00603791	0.00578695	0.00551502	0.00531367	0.152388	0.203208	0.212524	0.213695	0.209495	0.210737	0.207052	0.18782	0.18268	0.178361	0.174183	0.163588	0.163383	0.170995	0.190257	0.203862	0.207565	0.209729	0.19879	0.182147	0.17605	0.173387	0.1749	0.167447	0.176835	0.190494	0.230244	0.231352	0.269374	0.308856	0.351846
67	0.186335	0.188892	0.160285	1.706255	0.169805	-0.084339	0.0453871	0.0452043	0.0450054	0.0447898	0.0446253	0.154178	0.205096	0.215433	0.21615	0.209693	0.211689	0.206546	0.198235	0.190908	0.183096	0.180802	0.16784	0.166348	0.17557	0.194492	0.209538	0.210968	0.212323	0.201629	0.186889	0.180968	0.175234	0.180786	0.179391	0.182628	0.201765	0.208067	0.244564	0.289326	0.285861	0.325632
68	0.189850	0.191917	0.162073	1.733577	0.193970	-0.070988	-0.0123891	-0.0126549	-0.0129441	-0.0132575	-0.0134838	0.164674	0.214376	0.222666	0.221486	0.21211	0.216655	0.212057	0.200774	0.194112	0.186411	0.182398	0.168902	0.168459	0.176735	0.195702	0.212061	0.21776	0.217938	0.207864	0.19042	0.181513	0.182147	0.186036	0.192321	0.188157	0.204628	0.215251	0.245602	0.251731	0.281503	0.38231
69	0.192894	0.194666	0.164060	1.758414	0.209812	-0.065677	-0.0217374	-0.0220191	-0.0223258	-0.022658	-0.0229007	0.161526	0.216902	0.226595	0.225305	0.219021	0.22118	0.211678	0.206682	0.195576	0.188254	0.185105	0.169761	0.167358	0.17964	0.200891	0.217452	0.221756	0.217814	0.211207	0.196122	0.189939	0.184943	0.188925	0.185731	0.189792	0.211414	0.215063	0.236229	0.251174	0.26001	0.35461
70	0.202893	0.203291	0.176770	1.836324	0.277787	-0.171317	0.0271445	0.0269153	0.0266658	0.0263955	0.0261977	0.176321	0.22936	0.238404	0.237157	0.237988	0.235287	0.218349	0.216535	0.209136	0.201515	0.191696	0.175138	0.174191	0.183102	0.207427	0.225267	0.232146	0.228166	0.221531	0.207836	0.202875	0.195237	0.202652	0.204038	0.199393	0.209443	0.222783	0.247358	0.268755	0.340463	0.380869
71	0.211286	0.210538	0.185072	1.901783	0.334539	-0.215200	0.00741499	0.00714809	0.00685762	0.00654289	0.00631509	0.184707	0.239721	0.252224	0.252946	0.246226	0.249154	0.239415	0.222573	0.213744	0.20737	0.196875	0.179782	0.177492	0.187887	0.215195	0.233358	0.242767	0.238392	0.228476	0.222968	0.210224	0.210673	0.207977	0.209732	0.205648	0.215105	0.221411	0.239217	0.272909	0.277387	0.355492
72	0.222671	0.220733	0.197402	1.993870	0.397330	-0.289202	0.0305871	0.0303365	0.0300638	0.0297683	0.0295529	0.194972	0.252943	0.266192	0.269251	0.265743	0.261567	0.252724	0.237604	0.222785	0.218516	0.204377	0.188426	0.181712	0.194994	0.22604	0.248198	0.254239	0.24953	0.238198	0.235799	0.224098	0.220645	0.223981	0.224278	0.227443	0.227303	0.242435	0.276298	0.271139	0.28297	0.375968
73	0.233790	0.230690	0.204939	2.083812	0.458654	-0.276436	0.0113532	0.0110637	0.0107486	0.0104073	0.0101554	0.196186	0.265921	0.281432	0.28183	0.277815	0.271646	0.257749	0.245508	0.235581	0.228659	0.21166	0.195231	0.187968	0.200792	0.234918	0.260307	0.269487	0.265448	0.250956	0.249351	0.238448	0.233848	0.238384	0.240023	0.228083	0.234295	0.23929	0.249301	0.291669	0.312367	0.353043
74	0.243980	0.239230	0.216811	2.160956	0.537625	-0.367576	0.0554802	0.0552372	0.0549727	0.0546861	0.0544746	0.211367	0.277596	0.294206	0.293054	0.289851	0.284388	0.273138	0.259838	0.240838	0.236916	0.216866	0.200067	0.193239	0.208513	0.241967	0.272878	0.280745	0.274402	0.260611	0.256169	0.253376	0.245316	0.251663	0.253595	0.251689	0.247505	0.268036	0.289411	0.308089	0.30608	0.399391
75	0.255679	0.249558	0.228862	2.254250	0.607895	-0.434237	0.0564718	0.0562149	0.0559352	0.0556321	0.0554129	0.228162	0.290462	0.307768	0.310488	0.306546	0.300582	0.293028	0.273458	0.257219	0.247929	0.227679	0.205242	0.197102	0.211178	0.252418	0.283263	0.293617	0.287192	0.276187	0.268677	0.26875	0.262548	0.269734	0.270177	0.255407	0.260872	0.292173	0.309039	0.337055	0.349106	0.376281
76	0.266697	0.258920	0.239809	2.338811	0.688315	-0.495111	0.0723739	0.0721251	0.0718544	0.0715611	0.0713471	0.236113	0.301976	0.318431	0.324221	0.32627	0.317204	0.306292	0.286541	0.267883	0.252814	0.232688	0.209952	0.201384	0.219356	0.262257	0.297516	0.306161	0.300798	0.286357	0.27813	0.283245	0.276805	0.281143	0.283336	0.285821	0.269021	0.287578	0.3038	0.335286	0.35274	0.3975
77	0.280888	0.271351	0.253198	2.451099	0.777355	-0.554295	0.0848151	0.0845648	0.0842924	0.0839972	0.0837845	0.25364	0.319559	0.337696	0.341128	0.338041	0.332847	0.326121	0.297579	0.284039	0.26373	0.243634	0.217529	0.210043	0.228127	0.272618	0.310659	0.324856	0.314669	0.300308	0.297067	0.296099	0.293852	0.294939	0.311473	0.3095	0.311739	0.331725	0.37472	0.383036	0.427264	0.481164
78	0.283344	0.273389	0.253064	2.469514	0.797158	-0.520023	0.0788129	0.0785529	0.0782699	0.0779633	0.077739	0.2491	0.322267	0.340504	0.343033	0.336175	0.330184	0.321694	0.300263	0.285969	0.264262	0.244928	0.219766	0.210719	0.22906	0.274451	0.314017	0.328947	0.319761	0.305685	0.300178	0.29839	0.295747	0.303697	0.304598	0.313204	0.300013	0.325916	0.339484	0.360648	0.413898	0.413477
79	0.290030	0.279165	0.259303	2.521685	0.842277	-0.547869	0.0750185	0.0747452	0.0744477	0.0741255	0.0738934	0.259643	0.331259	0.346906	0.34926	0.349268	0.33886	0.326984	0.306822	0.293358	0.269599	0.248521	0.224063	0.213561	0.233866	0.279163	0.319853	0.336289	0.32876	0.313591	0.306619	0.307012	0.307767	0.312189	0.321405	0.308578	0.297146	0.303756	0.34426	0.37794	0.402761	0.453011
80	0.292929	0.281458	0.263221	2.542396	0.870079	-0.586119	0.0757823	0.075506	0.0752052	0.0748794	0.0746452	0.263188	0.337805	0.35178	0.35535	0.353853	0.345865	0.331175	0.306779	0.2921	0.270858	0.250854	0.224568	0.215075	0.236113	0.281923	0.32288	0.342643	0.332121	0.316528	0.309976	0.307999	0.309914	0.313852	0.313486	0.309844	0.292644	0.307644	0.350648	0.385884	0.375156	0.424899
81	0.298953	0.286708	0.268694	2.589825	0.908904	-0.607679	0.085419	0.0851485	0.0848542	0.0845353	0.0843053	0.267729	0.342106	0.358821	0.361949	0.36269	0.353282	0.335608	0.315366	0.29972	0.275375	0.254179	0.229465	0.217941	0.239005	0.28621	0.327769	0.34689	0.341817	0.324841	0.316552	0.315876	0.318698	0.318194	0.3239	0.321832	0.303969	0.315951	0.347002	0.365444	0.369824	0.413061
82	0.307480	0.293647	0.276845	2.652499	0.983051	-0.653521	0.0885008	0.0882235	0.0879218	0.0875948	0.0873595	0.275983	0.356205	0.373707	0.372549	0.366533	0.362928	0.343813	0.325114	0.307808	0.279518	0.26146	0.23309	0.220828	0.242513	0.29283	0.335117	0.357663	0.350908	0.336058	0.326883	0.325318	0.331153	0.331842	0.33243	0.323579	0.31647	0.335182	0.367931	0.387491	0.39231	0.416382
83	0.313381	0.298720	0.281223	2.698323	1.023824	-0.657157	0.0740093	0.0737055	0.0733747	0.0730164	0.0727592	0.280367	0.363078	0.381931	0.382012	0.375005	0.365052	0.346792	0.32602	0.311152	0.285838	0.265244	0.237297	0.2239	0.246092	0.296692	0.343602	0.364688	0.358364	0.341273	0.333266	0.331396	0.338445	0.338187	0.349957	0.340295	0.317185	0.33333	0.358362	0.396835	0.412024	0.423587
84	0.323422	0.307307	0.292745	2.775890	1.094961	-0.740957	0.102899	0.102621	0.102318	0.101991	0.101754	0.288985	0.375868	0.393016	0.395119	0.392201	0.379449	0.364309	0.339722	0.317924	0.293427	0.273413	0.241645	0.228612	0.251643	0.304702	0.352713	0.373629	0.370862	0.354975	0.346023	0.341999	0.347065	0.34898	0.355213	0.356951	0.341606	0.343504	0.371427	0.37329	0.411109	0.449901
85	0.329296	0.312354	0.298164	2.821485	1.135611	-0.764665	0.0698299	0.0694994	0.0691396	0.0687498	0.0684763	0.30379	0.383805	0.403121	0.405013	0.402518	0.385018	0.367618	0.348077	0.326319	0.300248	0.275062	0.243548	0.230976	0.255329	0.30983	0.356158	0.380943	0.37968	0.360624	0.352163	0.34781	0.354201	0.362124	0.366943	0.371923	0.352294	0.353686	0.384131	0.364237	0.396301	0.471232
86	0.337635	0.318873	0.308731	2.880364	1.218582	-0.862651	0.129049	0.128788	0.128504	0.128196	0.127983	0.319565	0.393764	0.412549	0.411383	0.411164	0.399392	0.374649	0.359535	0.328486	0.305142	0.282055	0.249564	0.236104	0.2588	0.312274	0.36384	0.389014	0.385668	0.371752	0.363946	0.358346	0.364772	0.369949	0.376825	0.378165	0.362614	0.366995	0.392525	0.419229	0.440121	0.473904
87	0.341065	0.321806	0.314007	2.906859	1.242876	-0.916564	0.138589	0.138335	0.13806	0.137761	0.137552	0.32092	0.39957	0.419563	0.41716	0.420464	0.408426	0.380615	0.36247	0.330811	0.307766	0.2852	0.252188	0.237223	0.259562	0.316002	0.365944	0.393275	0.39069	0.375251	0.36513	0.362861	0.365971	0.376823	0.384062	0.378442	0.354813	0.367328	0.389073	0.413362	0.446278	0.486581
88	0.345796	0.325319	0.317979	2.938594	1.297133	-0.936857	0.128348	0.128075	0.127778	0.127457	0.127238	0.333042	0.40683	0.425745	0.42405	0.424791	0.409896	0.385561	0.357572	0.33356	0.311809	0.286857	0.253885	0.23999	0.262821	0.319177	0.370694	0.397829	0.396245	0.381111	0.370577	0.368574	0.373643	0.381261	0.383193	0.392618	0.379331	0.384823	0.410017	0.415179	0.423909	0.468136
89	0.348937	0.327823	0.318468	2.961216	1.326476	-0.907075	0.0884285	0.0880986	0.0877395	0.0873504	0.0870793	0.325176	0.410506	0.432077	0.432413	0.428076	0.411621	0.383561	0.364686	0.335131	0.310986	0.287817	0.255021	0.241493	0.264553	0.321458	0.374522	0.400707	0.398962	0.386823	0.378658	0.37307	0.377578	0.38929	0.395707	0.387088	0.379641	0.3721	0.395741	0.422261	0.419502	0.438521
90	0.354965	0.333277	0.326797	3.010474	1.357567	-0.979399	0.114531	0.114228	0.113897	0.113539	0.113292	0.335951	0.419324	0.441969	0.439706	0.437209	0.419951	0.39621	0.371778	0.343417	0.317297	0.293398	0.258833	0.244585	0.267784	0.325302	0.379877	0.406421	0.406113	0.393838	0.384935	0.382107	0.383361	0.389847	0.398234	0.395006	0.370258	0.392707	0.415291	0.447972	0.452189	0.482421
91	0.356815	0.334265	0.328855	3.019401	1.393788	-1.002868	0.118893	0.118594	0.118267	0.117914	0.117665	0.331534	0.424751	0.44733	0.442953	0.440374	0.42046	0.395872	0.368748	0.340161	0.317753	0.292962	0.259218	0.244779	0.267728	0.328352	0.383299	0.409589	0.408313	0.398852	0.386193	0.381446	0.382394	0.388439	0.398755	0.393637	0.37867	0.371274	0.414444	0.42734	0.434656	0.439796
92	0.365704	0.341602	0.339758	3.085681	1.467040	-1.094430	0.132918	0.132625	0.132306	0.13196	0.131725	0.352733	0.43622	0.456657	0.456284	0.450055	0.439046	0.41511	0.383661	0.347265	0.324752	0.299591	0.264237	0.24731	0.271908	0.332799	0.38918	0.416589	0.41835	0.407671	0.398544	0.392119	0.39729	0.406298	0.407208	0.41391	0.395975	0.398534	0.429233	0.481866	0.469936	0.529081
93	0.367366	0.343867	0.342416	3.106135	1.445985	-1.109354	0.138223	0.137934	0.13762	0.137279	0.137039	0.342928	0.43932	0.461272	0.461991	0.454696	0.443355	0.421479	0.387683	0.350669	0.326977	0.30083	0.268026	0.249128	0.272123	0.336389	0.392217	0.419629	0.421768	0.407785	0.398507	0.391807	0.3971	0.404488	0.411802	0.411081	0.397467	0.390717	0.399625	0.454931	0.462668	0.46836
94	0.374711	0.349571	0.350304	3.157663	1.520467	-1.169442	0.136774	0.136473	0.136145	0.13579	0.135547	0.359943	0.452883	0.473292	0.474062	0.458642	0.44984	0.423555	0.3985	0.358363	0.332518	0.307724	0.271949	0.251054	0.274939	0.339907	0.397542	0.422905	0.428028	0.41761	0.409773	0.40613	0.402638	0.420648	0.424401	0.429992	0.40983	0.423898	0.44517	0.455119	0.462305	0.50957
95	0.379449	0.353681	0.360726	3.194783	1.551791	-1.302208	0.189607	0.189369	0.18911	0.18883	0.188643	0.376229	0.462355	0.481643	0.479532	0.471613	0.463633	0.435625	0.404212	0.362009	0.334237	0.312468	0.27484	0.254961	0.277949	0.344209	0.40171	0.430674	0.429117	0.421154	0.41456	0.407782	0.410456	0.41881	0.424444	0.416724	0.410457	0.403574	0.42782	0.442822	0.494633	0.488478
96	0.379818	0.354903	0.360639	3.205830	1.519075	-1.281513	0.152855	0.152566	0.152251	0.15191	0.151684	0.379642	0.464349	0.483795	0.483112	0.472289	0.467159	0.436722	0.40543	0.364118	0.339487	0.313311	0.277217	0.255065	0.279315	0.344166	0.403817	0.432348	0.428868	0.418806	0.41447	0.408138	0.411273	0.421014	0.420617	0.42656	0.423976	0.409192	0.428433	0.453756	0.448163	0.473944
97	0.376271	0.352558	0.353615	3.184640	1.467190	-1.185437	0.105862	0.105514	0.105135	0.104725	0.104441	0.357653	0.462394	0.480659	0.478917	0.46583	0.457439	0.43555	0.40669	0.361382	0.337035	0.310493	0.273713	0.254435	0.278195	0.344014	0.400732	0.426117	0.430189	0.420192	0.410688	0.401152	0.402508	0.41433	0.419767	0.424406	0.40107	0.39269	0.433909	0.460939	0.466209	0.497929
