Reading	X	Y	Z	L*	a*	b*
HCFR Color
1	55.324568	32.001244	5.729284	63.343912	73.483329	54.589076
2	49.101633	83.277422	15.531817	93.135761	-71.131274	73.533942
3	25.529183	21.886382	134.692316	53.906246	19.744879	-114.982100
4	103.248784	114.512233	20.973493	105.359920	-11.567920	82.538639
5	73.614771	103.814842	149.699351	101.456703	-49.293638	-41.439060
6	80.495800	53.477296	140.194871	78.155957	64.957327	-76.336626
7	127.713757	134.835648	155.389691	112.152249	-3.269872	-26.051105
8	0.209581	0.197231	0.295242	1.781579	0.783799	-2.502426
Gamma
9	0.209588	0.197212	0.295298	1.781411	0.784828	-2.503773
10	0.255556	0.245485	0.368352	2.217459	0.761536	-3.131214
11	0.402418	0.397830	0.612478	3.593580	0.760340	-5.367660
12	0.684341	0.691140	1.100451	6.243041	0.724513	-9.083471
13	1.262026	1.287816	2.102966	11.190004	0.635539	-11.983272
14	2.052390	2.101629	3.477868	16.011794	0.587471	-14.416401
15	3.084416	3.163780	5.265127	20.688227	0.583473	-16.672306
16	4.348698	4.464644	7.459509	25.151621	0.600582	-18.819097
17	6.122334	6.288688	10.514233	30.129421	0.640248	-21.118222
18	8.089060	8.318646	13.912438	34.637883	0.616860	-23.193496
19	10.281553	10.570100	17.638663	38.846765	0.692558	-25.032755
20	12.727984	13.097217	21.803596	42.909363	0.665873	-26.784729
21	15.551607	16.004624	26.522025	46.980554	0.701280	-28.426594
22	18.695848	19.205198	31.710983	50.926419	0.922101	-30.032204
23	22.068496	22.736282	37.328404	54.799654	0.676461	-31.478779
24	25.679150	26.445056	43.212878	58.457106	0.756559	-32.850912
25	30.026649	31.000464	50.202870	62.508025	0.512119	-34.129013
26	34.206743	35.341978	56.824345	66.014052	0.448642	-35.230105
27	38.857646	40.174252	63.998080	69.593461	0.385385	-36.199148
28	43.763411	45.252833	71.539347	73.058063	0.382318	-37.177778
29	48.914978	50.645932	79.266309	76.464036	0.223025	-37.938805
30	54.331033	56.314047	86.994208	79.792219	0.083293	-38.416447
31	60.247753	62.542986	95.275335	83.201337	-0.133284	-38.803452
32	66.949859	69.649121	104.478189	86.824483	-0.453698	-39.106395
33	73.896218	76.988916	113.314417	90.316513	-0.693932	-39.021709
34	80.567483	84.041050	121.415548	93.468327	-0.904558	-38.764290
35	87.767721	91.643215	129.518554	96.674272	-1.092423	-38.189219
36	95.233010	99.617318	137.074062	99.851840	-1.422124	-37.145619
37	103.698647	108.729134	144.635270	103.281557	-1.867600	-35.510330
38	111.467486	117.190011	150.176899	106.298610	-2.386111	-33.350073
39	119.714225	126.105564	154.251114	109.324526	-2.794251	-30.321725
40	127.322896	134.526370	155.206931	112.054191	-3.407958	-26.123295
Near Black
41	0.209688	0.196915	0.295187	1.778727	0.800438	-2.506311
42	0.213432	0.201293	0.301210	1.818269	0.781163	-2.551853
43	0.226155	0.214812	0.321385	1.940388	0.768551	-2.722200
44	0.255330	0.245256	0.368134	2.215388	0.761318	-3.130671
45	0.281565	0.273164	0.411050	2.467476	0.734137	-3.506278
Near White
46	117.576548	123.783229	153.323733	108.550438	-2.675572	-31.161573
47	119.732909	126.066060	154.066357	109.311439	-2.709883	-30.245875
48	122.567529	129.249243	154.815694	110.357394	-3.010244	-28.841171
49	125.469374	132.423483	155.196485	111.383445	-3.191699	-27.274214
50	127.263181	134.386242	155.204995	112.009714	-3.302013	-26.198954
Red Saturation
51	27.710540	28.564575	46.523624	60.395406	0.670139	-33.525535
52	33.721689	28.810776	35.761375	60.614265	22.042568	-19.274188
53	39.776225	28.936251	24.216464	60.725326	41.497687	-0.637564
54	46.481647	29.662729	13.378114	61.362119	58.592204	24.315912
55	55.025846	31.832889	5.722336	63.204528	73.334982	54.382004
Green Saturation
56	92.398536	96.644044	134.127101	98.687571	-1.393709	-37.443030
57	76.291899	91.950282	97.632081	96.799977	-23.747689	-17.073662
58	63.283551	87.225745	63.645472	94.833969	-43.211585	7.657100
59	54.134152	84.277166	35.931807	93.570749	-59.806369	37.307254
60	48.902386	82.945246	15.532543	92.990461	-71.045789	73.281637
Blue Saturation
61	8.965618	9.223395	15.386882	36.410897	0.611338	-23.909874
62	10.498032	10.066181	26.104170	37.960948	6.163255	-43.254276
63	13.037219	11.522004	44.018815	40.446107	13.328659	-64.900496
64	17.936646	14.611227	77.326348	45.097047	22.077151	-90.396447
65	25.460409	21.814466	134.508542	53.829595	19.786703	-115.007098
Yellow Saturation
66	119.557993	126.001238	154.068324	109.289957	-2.879121	-30.283961
67	115.832456	122.177036	123.408122	108.009375	-2.997854	-14.931302
68	111.059137	118.997377	82.872361	106.924123	-5.723875	11.630040
69	106.097283	115.921988	45.829478	105.855910	-9.044219	45.680583
70	102.672666	113.939776	20.948667	105.157353	-11.647998	82.239397
Cyan Saturation
71	101.571159	106.532430	142.792859	102.472786	-1.909055	-35.876357
72	93.591139	105.443767	147.511921	102.067842	-13.852047	-39.191322
73	85.943581	104.051746	149.832038	101.545980	-25.471765	-41.357189
74	78.789324	103.579531	150.878243	101.367892	-38.444840	-42.230885
75	73.378028	103.432110	149.695495	101.312183	-49.161120	-41.686137
Magenta Saturation
76	36.610310	37.810278	60.502608	67.880552	0.506829	-35.743793
77	43.323505	40.224866	77.860049	69.629392	13.869243	-48.548588
78	51.920015	42.849978	98.855975	71.453029	29.826545	-61.655635
79	63.472247	46.390610	123.301600	73.798280	47.890938	-73.850115
80	80.134796	53.238082	140.013079	78.015355	64.858505	-76.475835
