Reading	X	Y	Z	L*	a*	b*	380.000	390.000	400.000	410.000	420.000	430.000	440.000	450.000	460.000	470.000	480.000	490.000	500.000	510.000	520.000	530.000	540.000	550.000	560.000	570.000	580.000	590.000	600.000	610.000	620.000	630.000	640.000	650.000	660.000	670.000	680.000	690.000	700.000	710.000	720.000	730.000
1	0.192270	0.193641	0.160441	1.749156	0.224530	-0.013316	0.0342064	0.0339986	0.0337724	0.0335273	0.0333387	0.15398	0.212028	0.223022	0.221171	0.20686	0.201482	0.191467	0.186998	0.188365	0.187552	0.185576	0.175461	0.17097	0.182693	0.202652	0.210333	0.219751	0.222836	0.210052	0.197308	0.186982	0.182225	0.177651	0.18784	0.184672	0.186173	0.209904	0.245842	0.303913	0.350296	0.43962
2	0.196000	0.199797	0.162691	1.804759	0.135467	0.040075	-0.0180124	-0.0182998	-0.0186125	-0.0189514	-0.0192036	0.159603	0.212735	0.229899	0.22409	0.213017	0.213006	0.210917	0.205409	0.196638	0.196486	0.190482	0.180917	0.176537	0.187485	0.207402	0.218884	0.227186	0.226241	0.213573	0.198676	0.189	0.181723	0.180993	0.196283	0.185225	0.184151	0.2112	0.257595	0.298658	0.366237	0.440953
3	0.204840	0.207398	0.169822	1.873420	0.196496	0.023827	0.0143353	0.0140833	0.0138091	0.0135118	0.0132891	0.16827	0.219394	0.234658	0.233848	0.223701	0.219984	0.211351	0.203128	0.201314	0.20283	0.19747	0.185483	0.185433	0.195684	0.215276	0.230178	0.234477	0.235465	0.224579	0.2105	0.197632	0.189468	0.188583	0.208468	0.193788	0.185942	0.225802	0.259491	0.321327	0.368507	0.473761
4	0.213708	0.217841	0.182749	1.967753	0.147972	-0.057590	0.0569678	0.0567593	0.0565324	0.0562866	0.0561054	0.189707	0.231917	0.245767	0.245835	0.237222	0.231713	0.230667	0.223452	0.219681	0.215157	0.209409	0.19733	0.196029	0.20298	0.223987	0.240489	0.244259	0.243464	0.230195	0.214305	0.204094	0.197768	0.193061	0.217146	0.204428	0.215736	0.235998	0.276525	0.321096	0.404022	0.479464
5	0.225033	0.231393	0.188671	2.090162	0.077679	0.041647	0.00515638	0.00486094	0.00453941	0.00419096	0.0039275	0.181767	0.238785	0.254372	0.257118	0.255642	0.255151	0.25021	0.24338	0.23481	0.231912	0.223849	0.208792	0.206274	0.215567	0.238149	0.25227	0.260172	0.254997	0.241744	0.228873	0.21689	0.211432	0.20916	0.221538	0.21893	0.224164	0.248019	0.300612	0.354978	0.428688	0.541616
6	0.242493	0.249997	0.207191	2.258215	0.058346	-0.018249	0.0530578	0.0528038	0.0525272	0.0522276	0.0520008	0.205377	0.259186	0.271485	0.277827	0.276502	0.280371	0.273564	0.25906	0.257388	0.25532	0.239519	0.225593	0.222549	0.236804	0.257051	0.273647	0.282578	0.270191	0.257894	0.243821	0.232034	0.222011	0.225154	0.237354	0.2325	0.224317	0.261621	0.306298	0.402115	0.465384	0.556862
7	0.261469	0.271387	0.225268	2.451430	-0.008212	-0.026411	0.0840348	0.083796	0.0835361	0.0832545	0.0830357	0.218998	0.274265	0.292897	0.298775	0.301581	0.307767	0.295977	0.294147	0.287768	0.27878	0.26149	0.245235	0.243291	0.253726	0.2801	0.298558	0.301254	0.287812	0.274695	0.261805	0.248314	0.243385	0.241091	0.253296	0.255859	0.259624	0.297752	0.360043	0.417943	0.528775	0.619549
8	0.280876	0.294381	0.238558	2.659132	-0.119826	0.080767	0.049307	0.0489931	0.0486515	0.0482812	0.0479937	0.226061	0.292253	0.31538	0.317194	0.318776	0.330767	0.329153	0.321365	0.315884	0.299649	0.28565	0.268967	0.265393	0.276237	0.304469	0.323659	0.328108	0.313189	0.290062	0.278819	0.269412	0.256557	0.255045	0.268734	0.266235	0.263482	0.295671	0.360824	0.410578	0.478044	0.516626
9	0.298502	0.312922	0.257533	2.826614	-0.129978	0.011293	0.095792	0.0955176	0.095219	0.0948953	0.0946427	0.249207	0.306104	0.331022	0.335773	0.350203	0.360093	0.355562	0.349162	0.33754	0.320337	0.304247	0.284649	0.280137	0.292875	0.322046	0.34535	0.348551	0.32858	0.306841	0.292733	0.284749	0.278896	0.2709	0.286598	0.293478	0.280681	0.332939	0.395333	0.45659	0.494316	0.557068
10	0.318189	0.334883	0.274620	3.024984	-0.190017	0.030703	0.119608	0.119339	0.119046	0.118729	0.118475	0.260532	0.328541	0.351584	0.355795	0.372901	0.379321	0.377391	0.380482	0.36114	0.342487	0.326651	0.306192	0.299528	0.314003	0.346948	0.373168	0.374084	0.348632	0.322303	0.31056	0.299458	0.290538	0.290856	0.302124	0.311274	0.3098	0.363473	0.414005	0.460573	0.523051	0.614624
11	0.330704	0.350593	0.283000	3.166893	-0.296348	0.117174	0.0662786	0.0659174	0.0655244	0.0650984	0.0647615	0.260355	0.337701	0.365903	0.372205	0.388396	0.404784	0.402413	0.399413	0.377956	0.358014	0.345829	0.322728	0.317503	0.327179	0.358292	0.391095	0.392642	0.364468	0.335905	0.319876	0.312838	0.301685	0.298376	0.309311	0.308656	0.308799	0.355339	0.408843	0.448741	0.463852	0.522423
12	0.348626	0.369576	0.302474	3.338366	-0.311735	0.045142	0.125465	0.125161	0.124829	0.124469	0.124179	0.281488	0.355195	0.384361	0.391428	0.413106	0.428379	0.435511	0.424741	0.397461	0.381838	0.365779	0.343211	0.332849	0.341579	0.374914	0.408354	0.414174	0.387026	0.356131	0.335071	0.327068	0.315875	0.315051	0.316428	0.326241	0.321853	0.369408	0.428434	0.490895	0.506935	0.557244
13	0.356833	0.379489	0.305467	3.427909	-0.366283	0.143019	0.0919079	0.0915462	0.0911527	0.0907261	0.0903844	0.279943	0.36127	0.391653	0.398337	0.418436	0.439667	0.436454	0.434645	0.411411	0.390511	0.37858	0.354144	0.339883	0.351754	0.387563	0.418033	0.425662	0.397511	0.362969	0.342882	0.334607	0.326985	0.318888	0.331821	0.331371	0.331451	0.374701	0.440078	0.489462	0.473211	0.519999
14	0.366189	0.390020	0.315713	3.523033	-0.398528	0.113581	0.0947393	0.0943667	0.0939614	0.093522	0.0931703	0.2889	0.376042	0.402892	0.409776	0.4309	0.455308	0.458259	0.454753	0.422947	0.403965	0.390116	0.363446	0.347197	0.360253	0.395723	0.429409	0.439198	0.409678	0.372106	0.349237	0.341118	0.331978	0.326473	0.334162	0.341941	0.355473	0.399583	0.456994	0.493701	0.509534	0.536117
15	0.374731	0.399356	0.322113	3.607366	-0.417084	0.138161	0.0712854	0.0708691	0.0704162	0.0699253	0.0695417	0.302064	0.38135	0.408176	0.418111	0.442074	0.475421	0.477743	0.460376	0.431658	0.416324	0.399976	0.372861	0.355161	0.366757	0.404984	0.438122	0.448728	0.417876	0.380145	0.359345	0.352865	0.344836	0.340621	0.348924	0.342349	0.352361	0.401187	0.457794	0.493025	0.471651	0.520022
16	0.383110	0.408594	0.331191	3.690816	-0.438453	0.110652	0.108687	0.10831	0.1079	0.107455	0.107101	0.307715	0.388703	0.421413	0.424927	0.452843	0.485981	0.483888	0.472581	0.441558	0.428536	0.414022	0.381141	0.366143	0.374917	0.410637	0.446088	0.457248	0.426769	0.389434	0.367061	0.360429	0.351543	0.345871	0.3526	0.35582	0.374315	0.411874	0.460607	0.493319	0.509882	0.494466
17	0.396298	0.423214	0.343941	3.822874	-0.475101	0.097605	0.137134	0.136778	0.136391	0.13597	0.135627	0.311586	0.402813	0.435202	0.441602	0.467955	0.503438	0.50746	0.486241	0.461358	0.446747	0.429204	0.39334	0.376045	0.388264	0.428955	0.461947	0.473344	0.443737	0.402917	0.377408	0.370691	0.358209	0.356411	0.365555	0.352591	0.38187	0.41802	0.465062	0.508928	0.501753	0.478822
18	0.412324	0.440198	0.355971	3.976290	-0.489265	0.135004	0.105331	0.104909	0.10445	0.103953	0.103554	0.32427	0.418423	0.451669	0.454446	0.491844	0.529003	0.529973	0.507554	0.478363	0.464676	0.44558	0.407309	0.39014	0.404614	0.445428	0.479544	0.491023	0.464034	0.420644	0.393798	0.384798	0.376316	0.375831	0.378968	0.376256	0.396505	0.457323	0.49369	0.550059	0.530691	0.531013
19	0.426108	0.455129	0.370945	4.111164	-0.514007	0.084836	0.146292	0.145906	0.145487	0.145033	0.144663	0.338128	0.432412	0.466619	0.47549	0.503914	0.548247	0.554498	0.532796	0.492195	0.478377	0.460814	0.421884	0.404343	0.419982	0.46062	0.495919	0.50459	0.479572	0.432937	0.405985	0.396833	0.388707	0.381721	0.386257	0.391106	0.410406	0.478421	0.516787	0.554219	0.548529	0.577152
20	0.438115	0.468738	0.381123	4.234096	-0.559024	0.104635	0.123574	0.12314	0.122668	0.122156	0.121742	0.342727	0.444115	0.4795	0.492977	0.525956	0.568665	0.567455	0.539015	0.508529	0.50151	0.473791	0.432794	0.414712	0.432785	0.475555	0.511387	0.521727	0.492205	0.445534	0.418077	0.406346	0.39664	0.390292	0.391468	0.396884	0.419652	0.482793	0.531639	0.539749	0.550021	0.585413
21	0.449279	0.480188	0.393356	4.337524	-0.554040	0.052001	0.143348	0.142926	0.142466	0.141967	0.141573	0.372758	0.454945	0.492401	0.501985	0.539281	0.582443	0.589748	0.560239	0.524063	0.508617	0.485337	0.444416	0.425577	0.440758	0.48719	0.524396	0.531326	0.501521	0.45516	0.429156	0.416476	0.410086	0.403854	0.416012	0.421049	0.429341	0.48356	0.54224	0.56343	0.568293	0.629165
22	0.463184	0.493362	0.407358	4.456519	-0.505460	-0.007200	0.202622	0.202263	0.201873	0.20145	0.201101	0.375743	0.467918	0.50342	0.51772	0.557385	0.603145	0.610164	0.576793	0.538526	0.524183	0.495201	0.454527	0.4378	0.452191	0.496491	0.536454	0.546215	0.518806	0.469544	0.440504	0.431463	0.427825	0.422467	0.432706	0.444558	0.466358	0.531679	0.58392	0.5981	0.596753	0.643606
23	0.469490	0.502023	0.411503	4.534757	-0.588048	0.049444	0.180503	0.180103	0.179669	0.179198	0.178814	0.379732	0.475995	0.513413	0.522574	0.562999	0.611017	0.610424	0.583984	0.554938	0.539972	0.508877	0.462685	0.445063	0.458708	0.502977	0.548311	0.555797	0.523218	0.476213	0.4501	0.436273	0.428805	0.421465	0.431589	0.4486	0.461919	0.525932	0.570535	0.603029	0.646629	0.671156
24	0.476649	0.510482	0.418747	4.611167	-0.628311	0.044423	0.16511	0.164678	0.164209	0.163699	0.163291	0.389506	0.486101	0.518647	0.529399	0.577094	0.631884	0.625284	0.596017	0.56467	0.547536	0.516859	0.472503	0.453817	0.465489	0.511866	0.554377	0.565965	0.533022	0.484623	0.453964	0.438613	0.438646	0.429286	0.437778	0.444008	0.458086	0.528008	0.574347	0.578572	0.578691	0.648074
25	0.489470	0.522556	0.432462	4.720230	-0.580664	-0.026483	0.23186	0.231504	0.231116	0.230695	0.230348	0.402651	0.498795	0.53358	0.54296	0.584044	0.642738	0.652419	0.613533	0.578847	0.56074	0.526291	0.482852	0.460732	0.475177	0.522836	0.569671	0.579376	0.54648	0.498211	0.462953	0.454436	0.448509	0.441124	0.453216	0.476975	0.499272	0.562004	0.603949	0.595067	0.64678	0.725806
26	0.498486	0.533151	0.442206	4.815935	-0.629110	-0.045447	0.22115	0.220764	0.220344	0.21989	0.219522	0.418953	0.507604	0.545274	0.558172	0.599402	0.654597	0.667231	0.630448	0.594124	0.57336	0.540812	0.494962	0.470739	0.48352	0.531713	0.576274	0.586778	0.555218	0.510633	0.476012	0.461093	0.458099	0.451565	0.455477	0.470218	0.500091	0.560131	0.572255	0.620942	0.625428	0.726687
27	0.510532	0.544261	0.457903	4.916291	-0.575270	-0.168770	0.296961	0.296663	0.296339	0.295987	0.295691	0.432418	0.519024	0.559262	0.575641	0.616698	0.67509	0.682036	0.642611	0.607237	0.586446	0.551537	0.504247	0.477605	0.49352	0.543121	0.586385	0.600849	0.565939	0.517974	0.485759	0.470886	0.470051	0.471059	0.480711	0.502984	0.519225	0.584705	0.636321	0.655351	0.686919	0.783671
28	0.511424	0.547836	0.454011	4.948579	-0.678407	-0.039620	0.197876	0.197439	0.196963	0.196447	0.196034	0.426669	0.521917	0.562273	0.57635	0.617138	0.681969	0.684216	0.643903	0.613602	0.591354	0.555688	0.508752	0.481694	0.497747	0.547911	0.591853	0.604841	0.568232	0.521146	0.488151	0.473713	0.466422	0.460529	0.473425	0.482398	0.502946	0.571014	0.605689	0.612069	0.66613	0.711535
29	0.529036	0.566245	0.474995	5.114867	-0.683978	-0.149096	0.248297	0.247903	0.247474	0.247009	0.246633	0.449892	0.54586	0.583909	0.596163	0.640234	0.713064	0.716143	0.675144	0.636645	0.609653	0.575168	0.523153	0.497067	0.513737	0.566947	0.608603	0.62378	0.589202	0.539845	0.502818	0.486018	0.481647	0.474508	0.485711	0.500252	0.530184	0.601591	0.623514	0.64634	0.682959	0.76465
30	0.541051	0.579873	0.486972	5.237974	-0.729446	-0.162951	0.254305	0.2539	0.25346	0.252983	0.252604	0.470125	0.561816	0.597289	0.609444	0.65271	0.730555	0.731748	0.689948	0.656455	0.629296	0.59237	0.536923	0.507389	0.523923	0.579466	0.623137	0.639	0.600243	0.551344	0.511964	0.49397	0.494666	0.486265	0.494247	0.517697	0.557521	0.624957	0.664819	0.716985	0.726618	0.811472
31	0.543024	0.582520	0.488869	5.261882	-0.752835	-0.157545	0.225276	0.224828	0.22434	0.223812	0.223391	0.464416	0.56506	0.602511	0.617944	0.659519	0.733192	0.740559	0.695069	0.657593	0.628166	0.594349	0.541398	0.510117	0.526703	0.584084	0.625412	0.641422	0.604523	0.551693	0.514402	0.499693	0.493238	0.483861	0.491381	0.508308	0.55052	0.612492	0.62196	0.663902	0.706416	0.770608
32	0.543782	0.583274	0.493763	5.268693	-0.751573	-0.238201	0.292174	0.291816	0.291427	0.291004	0.290656	0.466353	0.56707	0.60447	0.62034	0.662564	0.732653	0.738324	0.697378	0.662227	0.631923	0.59628	0.541308	0.512273	0.52682	0.582585	0.627215	0.641334	0.604351	0.550978	0.514106	0.496247	0.488898	0.48558	0.491649	0.505569	0.552066	0.625375	0.646251	0.667646	0.729452	0.804383

33	0.542014	0.581987	0.489894	5.257064	-0.772837	-0.185208	0.234215	0.233779	0.233305	0.232791	0.232379	0.462454	0.564313	0.602702	0.618677	0.66335	0.737617	0.738374	0.69349	0.658675	0.633075	0.594277	0.53896	0.509687	0.526255	0.580733	0.62718	0.642477	0.602435	0.549062	0.511858	0.49702	0.489491	0.481188	0.487931	0.51022	0.548462	0.59971	0.636636	0.648875	0.703095	0.782535
34	0.197584	0.199982	0.168928	1.806431	0.192224	-0.074802	0.0320033	0.0317831	0.0315434	0.0312836	0.0310887	0.166374	0.212174	0.228787	0.219612	0.224055	0.240556	0.227213	0.213165	0.192315	0.188581	0.182037	0.177738	0.178983	0.189208	0.211741	0.223322	0.227442	0.221566	0.207193	0.194572	0.186425	0.191786	0.202739	0.2054	0.211668	0.224502	0.244969	0.246659	0.254823	0.261092	0.349873
35	0.350912	0.300398	0.216863	2.713483	2.474020	0.584090	0.0694288	0.0691528	0.0688526	0.0685271	0.0682928	0.253541	0.295689	0.301638	0.288871	0.264412	0.267327	0.252792	0.222451	0.199817	0.199715	0.203213	0.194676	0.2085	0.254636	0.334728	0.402119	0.438113	0.439723	0.423799	0.418854	0.420092	0.41331	0.408739	0.4144	0.433806	0.443644	0.443474	0.48509	0.544939	0.54736	0.600751
36	0.329736	0.393817	0.269530	3.557333	-2.018365	1.044652	0.0434244	0.0430096	0.0425584	0.0420692	0.0416562	0.225455	0.294419	0.322512	0.332258	0.376009	0.443278	0.462356	0.464977	0.456565	0.439439	0.431046	0.416831	0.404719	0.403809	0.411085	0.411224	0.396036	0.357548	0.309974	0.274384	0.250212	0.239135	0.251711	0.264077	0.26874	0.296802	0.330568	0.366264	0.401983	0.406578	0.453411
37	0.243498	0.269538	0.320294	2.434725	-0.661871	-1.849288	0.151242	0.151033	0.150806	0.150561	0.150398	0.314422	0.39304	0.420061	0.427305	0.432874	0.425275	0.411208	0.385437	0.37231	0.347014	0.310675	0.270237	0.240182	0.227906	0.236626	0.242261	0.239835	0.232853	0.217033	0.206535	0.203577	0.207786	0.229069	0.235559	0.245962	0.269686	0.273916	0.30281	0.311058	0.355399	0.412927
