Reading	X	Y	Z	L*	a*	b*	380.000	390.000	400.000	410.000	420.000	430.000	440.000	450.000	460.000	470.000	480.000	490.000	500.000	510.000	520.000	530.000	540.000	550.000	560.000	570.000	580.000	590.000	600.000	610.000	620.000	630.000	640.000	650.000	660.000	670.000	680.000	690.000	700.000	710.000	720.000	730.000
1	0.190302	0.188703	0.193150	1.704544	0.337370	-0.707775	0.00328193	0.00301914	0.00273306	0.00242317	0.00223709	0.238017	0.276674	0.277185	0.261137	0.239676	0.224559	0.204336	0.197299	0.185047	0.183613	0.183328	0.174921	0.17077	0.179672	0.190905	0.196925	0.203174	0.200274	0.190662	0.187111	0.181597	0.184127	0.185996	0.203657	0.22893	0.227969	0.22818	0.243362	0.256904	0.308352	0.375018
2	0.195047	0.191653	0.200670	1.731197	0.414062	-0.803798	0.0715582	0.0713815	0.071189	0.0709806	0.0708692	0.252124	0.279842	0.280003	0.266579	0.246436	0.226909	0.208259	0.201536	0.187514	0.185565	0.183763	0.176749	0.173118	0.181906	0.19373	0.19817	0.206872	0.205635	0.196226	0.191146	0.185103	0.19094	0.189737	0.210363	0.236296	0.259212	0.26218	0.268056	0.278134	0.33908	0.414542
3	0.195877	0.193578	0.200887	1.748583	0.372651	-0.777913	0.0556682	0.0554681	0.0552503	0.0550144	0.0548803	0.246969	0.284224	0.281701	0.266662	0.245709	0.234158	0.210545	0.199909	0.194724	0.190363	0.186148	0.177012	0.174624	0.183979	0.196545	0.201684	0.208403	0.206228	0.195357	0.19079	0.184587	0.190209	0.190645	0.214904	0.243034	0.250265	0.253579	0.266395	0.285708	0.318891	0.376234
4	0.196905	0.194266	0.200544	1.754794	0.387386	-0.760732	0.0717301	0.0715517	0.0713575	0.0711471	0.0710321	0.249973	0.280882	0.280053	0.264097	0.244929	0.230661	0.208852	0.201096	0.194068	0.188448	0.186332	0.180398	0.176868	0.182392	0.196247	0.202414	0.208889	0.2112	0.196694	0.189409	0.187325	0.192715	0.193419	0.214177	0.242516	0.254057	0.256333	0.273406	0.298661	0.32793	0.38403
5	0.202037	0.199106	0.206677	1.798519	0.406143	-0.801135	0.085215	0.0850478	0.0848657	0.0846685	0.0845677	0.263442	0.285227	0.283767	0.272047	0.250596	0.238584	0.223351	0.211131	0.195273	0.192827	0.191635	0.18323	0.179908	0.187137	0.200795	0.208594	0.214227	0.214499	0.200509	0.196852	0.192134	0.197988	0.203776	0.219778	0.247496	0.250124	0.270977	0.295912	0.285676	0.320601	0.404518
6	0.202695	0.200446	0.206215	1.810621	0.380570	-0.771550	0.0834296	0.083259	0.0830734	0.0828723	0.0827614	0.252543	0.287092	0.285675	0.272052	0.251366	0.241811	0.215708	0.205372	0.200155	0.196263	0.196121	0.184655	0.181293	0.188342	0.20337	0.208394	0.214206	0.215721	0.203857	0.196981	0.194019	0.196518	0.198098	0.21522	0.252394	0.2554	0.26027	0.280513	0.290583	0.323048	0.407203
7	0.205224	0.202768	0.209073	1.831600	0.392250	-0.789332	0.0951903	0.0950321	0.0948598	0.0946732	0.0945758	0.26097	0.290124	0.288387	0.27403	0.255619	0.238929	0.218988	0.208865	0.199875	0.199371	0.197473	0.187047	0.184115	0.191018	0.205095	0.211649	0.218132	0.219922	0.203363	0.195442	0.191833	0.197277	0.206161	0.23598	0.262514	0.271918	0.272274	0.266467	0.312419	0.342445	0.438109
8	0.209853	0.207962	0.212765	1.878510	0.376979	-0.778160	0.0978097	0.0976492	0.0974745	0.0972854	0.0971853	0.263882	0.292952	0.292545	0.277947	0.258201	0.250942	0.227775	0.21408	0.20468	0.205097	0.202355	0.191467	0.187762	0.196938	0.209936	0.217342	0.225056	0.225326	0.211364	0.202625	0.195221	0.201591	0.209389	0.218314	0.24541	0.266199	0.282346	0.27598	0.307399	0.330341	0.371419
9	0.216835	0.215827	0.215280	1.949559	0.352682	-0.703148	0.0516647	0.0514338	0.0511825	0.0509103	0.050752	0.266765	0.300033	0.299328	0.283414	0.264963	0.256886	0.234487	0.225353	0.217198	0.213216	0.210241	0.197763	0.193217	0.201587	0.220097	0.227386	0.232533	0.233317	0.218027	0.211008	0.207694	0.211088	0.208083	0.233139	0.268047	0.271727	0.271121	0.272302	0.306157	0.345616	0.413979
10	0.221247	0.221893	0.220803	2.004351	0.294646	-0.712947	0.0818752	0.0816779	0.0814631	0.0812305	0.0810907	0.259316	0.302154	0.305376	0.289413	0.27506	0.265873	0.245857	0.228315	0.220926	0.223887	0.218142	0.205365	0.200986	0.208572	0.226397	0.232818	0.237346	0.235766	0.223095	0.215217	0.210718	0.211566	0.21202	0.233238	0.253401	0.251039	0.2516	0.26198	0.266045	0.321101	0.366679
11	0.237799	0.237407	0.241097	2.144490	0.359001	-0.854483	0.17326	0.173163	0.173057	0.172943	0.172896	0.297693	0.317934	0.319356	0.308748	0.293439	0.28433	0.27249	0.257594	0.240659	0.237777	0.232307	0.218528	0.212804	0.222918	0.238315	0.245638	0.254954	0.252907	0.241849	0.231069	0.224514	0.226348	0.227699	0.249612	0.289484	0.295554	0.30854	0.317892	0.322501	0.359855	0.419779
12	0.245680	0.247037	0.246533	2.231477	0.302305	-0.807123	0.104216	0.104014	0.103794	0.103557	0.103424	0.301665	0.33093	0.333167	0.319603	0.30507	0.303072	0.28294	0.262732	0.252088	0.248449	0.240485	0.226029	0.222703	0.232486	0.252686	0.260641	0.263287	0.259657	0.248944	0.238336	0.234846	0.230481	0.231917	0.250656	0.283534	0.298142	0.302104	0.299823	0.328483	0.360761	0.386713
13	0.260418	0.262220	0.262748	2.368624	0.306289	-0.876798	0.182759	0.182643	0.182516	0.182378	0.182305	0.304299	0.34474	0.348457	0.337239	0.324734	0.321922	0.304062	0.279166	0.273465	0.268185	0.256602	0.241962	0.235774	0.244166	0.264187	0.273952	0.278205	0.276242	0.263156	0.253049	0.24769	0.242307	0.248808	0.272444	0.306284	0.328317	0.338315	0.352773	0.371869	0.41282	0.471555
14	0.264769	0.268871	0.266417	2.428702	0.223011	-0.842491	0.143369	0.143192	0.142999	0.142789	0.142669	0.313147	0.353246	0.359746	0.341405	0.329628	0.327567	0.311868	0.286897	0.281478	0.279373	0.263879	0.249674	0.241668	0.250429	0.273273	0.284981	0.285332	0.278113	0.266756	0.256372	0.249527	0.24156	0.247138	0.269774	0.304095	0.315178	0.298741	0.322488	0.355899	0.422473	0.469036
15	0.279020	0.283340	0.281115	2.559402	0.235135	-0.894636	0.171487	0.171328	0.171155	0.170967	0.170866	0.334615	0.367706	0.371521	0.357554	0.350716	0.346161	0.333433	0.31329	0.298206	0.291178	0.279988	0.261445	0.252953	0.263595	0.289414	0.296465	0.29998	0.292577	0.280009	0.271714	0.26425	0.259175	0.266491	0.279803	0.320775	0.337904	0.328839	0.361559	0.402267	0.436972	0.496903
16	0.286000	0.293503	0.283111	2.651198	0.121320	-0.774053	0.109424	0.109171	0.108896	0.108598	0.108408	0.320382	0.37773	0.384438	0.369295	0.353659	0.351348	0.339267	0.319472	0.316019	0.305548	0.291527	0.273622	0.262055	0.273963	0.299524	0.311191	0.309461	0.303208	0.28617	0.27602	0.266469	0.263846	0.269274	0.284608	0.323351	0.326589	0.338316	0.360374	0.395411	0.39588	0.506309
17	0.301360	0.309015	0.302527	2.791321	0.137572	-0.899034	0.162085	0.16188	0.161657	0.161416	0.161273	0.351077	0.394548	0.399395	0.390574	0.383626	0.373272	0.358898	0.346121	0.334332	0.320676	0.304944	0.28748	0.278186	0.288805	0.316427	0.324536	0.323578	0.314965	0.298115	0.291595	0.283818	0.281347	0.284836	0.299107	0.330106	0.370029	0.355593	0.40582	0.422786	0.466986	0.536035
18	0.315508	0.324551	0.320256	2.931657	0.103962	-0.991806	0.21485	0.214694	0.214525	0.214342	0.21424	0.369236	0.413673	0.415714	0.405186	0.409579	0.398919	0.379637	0.365942	0.355426	0.338218	0.322754	0.303024	0.290561	0.30375	0.329094	0.342028	0.341765	0.330868	0.309625	0.299157	0.295484	0.292411	0.297838	0.301334	0.337223	0.380808	0.389488	0.411337	0.433713	0.468205	0.544787
19	0.330421	0.340357	0.334138	3.074430	0.090767	-1.007728	0.231895	0.231742	0.231576	0.231397	0.231298	0.386782	0.427095	0.433175	0.424361	0.420328	0.419578	0.404302	0.384563	0.371719	0.350892	0.339886	0.318964	0.30382	0.317498	0.348834	0.360204	0.359114	0.342571	0.321986	0.317186	0.311427	0.30284	0.30916	0.320423	0.358457	0.392057	0.391883	0.422034	0.457273	0.48077	0.583002
20	0.341005	0.354470	0.340867	3.201916	-0.031327	-0.914961	0.159846	0.159581	0.159292	0.158979	0.158782	0.384144	0.443231	0.448621	0.436176	0.436784	0.437631	0.422887	0.399364	0.386444	0.368105	0.354067	0.332281	0.320721	0.330869	0.364947	0.377551	0.374999	0.35744	0.332762	0.323978	0.317011	0.311861	0.311491	0.313069	0.348786	0.383604	0.384293	0.404275	0.449613	0.476625	0.534227
21	0.362474	0.377137	0.366948	3.406664	-0.046929	-1.054365	0.246564	0.246384	0.246188	0.245975	0.245849	0.412453	0.464098	0.473605	0.461251	0.46892	0.47574	0.45571	0.43674	0.416986	0.396282	0.377783	0.353593	0.33726	0.350023	0.383504	0.401427	0.396531	0.381702	0.353287	0.341616	0.336745	0.331582	0.330304	0.334869	0.366296	0.404903	0.4349	0.443599	0.459015	0.479133	0.540054
22	0.381484	0.399150	0.382984	3.605505	-0.136364	-1.014291	0.205044	0.204781	0.204494	0.204184	0.203988	0.429146	0.489338	0.498252	0.483966	0.491581	0.499557	0.483368	0.467504	0.439868	0.42335	0.405361	0.377177	0.355831	0.367144	0.402725	0.423966	0.425308	0.402087	0.372412	0.356741	0.353542	0.346669	0.34653	0.357481	0.372527	0.427677	0.460292	0.45035	0.474352	0.492681	0.57237
23	0.405519	0.424232	0.412356	3.832071	-0.142419	-1.178191	0.290386	0.290202	0.290002	0.289784	0.289652	0.456356	0.517488	0.530939	0.519016	0.523896	0.539537	0.519743	0.491651	0.469541	0.451509	0.434155	0.400406	0.378278	0.389714	0.426847	0.449684	0.450932	0.427863	0.397449	0.376548	0.372129	0.364549	0.360628	0.378176	0.391314	0.445478	0.467475	0.497104	0.526384	0.551185	0.610563
24	0.434284	0.455837	0.443363	4.117561	-0.211403	-1.271368	0.332785	0.332616	0.332432	0.332232	0.332115	0.492879	0.550187	0.561694	0.553712	0.559227	0.592706	0.577226	0.536075	0.507607	0.490725	0.468823	0.425748	0.402663	0.417652	0.460978	0.48063	0.483917	0.459093	0.42457	0.400459	0.393996	0.390957	0.390503	0.400445	0.422299	0.482287	0.524391	0.52983	0.559483	0.601032	0.68047
25	0.464120	0.489149	0.473870	4.418465	-0.303633	-1.328550	0.356634	0.356453	0.356257	0.356044	0.355916	0.522966	0.58544	0.598301	0.590821	0.607176	0.632944	0.610284	0.5754	0.551108	0.532109	0.502821	0.459814	0.431809	0.448566	0.495832	0.516548	0.514041	0.4916	0.454863	0.428451	0.419525	0.417998	0.4085	0.423321	0.430458	0.488251	0.537538	0.554808	0.572405	0.558855	0.678577
26	0.504013	0.532838	0.516092	4.813103	-0.393756	-1.445275	0.419172	0.419017	0.418848	0.418666	0.418562	0.573002	0.634824	0.648806	0.643743	0.652037	0.680777	0.669493	0.635375	0.605598	0.58084	0.545966	0.503858	0.47417	0.489132	0.538772	0.56364	0.55589	0.532066	0.491788	0.464126	0.448145	0.448189	0.452977	0.456648	0.487005	0.518227	0.583339	0.620442	0.640712	0.661991	0.767723
27	0.538529	0.571684	0.548852	5.164005	-0.512471	-1.458774	0.416077	0.415869	0.415642	0.415397	0.415247	0.604096	0.667629	0.692988	0.687313	0.701119	0.730293	0.719874	0.680946	0.65441	0.62673	0.591176	0.543207	0.506458	0.520078	0.574181	0.608532	0.598583	0.567879	0.527459	0.499695	0.482187	0.476148	0.471282	0.478212	0.502662	0.526393	0.603832	0.642642	0.631634	0.611792	0.716052
28	0.581267	0.618502	0.593272	5.586905	-0.609499	-1.568281	0.440018	0.43978	0.439521	0.439241	0.439068	0.652838	0.719087	0.744236	0.740801	0.763921	0.799783	0.781572	0.744816	0.709272	0.678997	0.642741	0.584746	0.546987	0.562821	0.622201	0.655214	0.652921	0.610773	0.568734	0.537906	0.516466	0.506948	0.515198	0.516075	0.54454	0.560587	0.632704	0.680602	0.686888	0.723778	0.720947
29	0.642244	0.687509	0.652566	6.210244	-0.834019	-1.613016	0.48865	0.488389	0.488106	0.487799	0.487593	0.694927	0.792331	0.818263	0.81506	0.843884	0.881323	0.867107	0.831124	0.79083	0.75935	0.715438	0.652799	0.610338	0.628231	0.695836	0.7286	0.723134	0.681908	0.621148	0.588528	0.569991	0.5556	0.558003	0.563043	0.584286	0.596645	0.666705	0.73883	0.759565	0.736219	0.762153
30	0.732512	0.786191	0.748266	7.101637	-1.031156	-1.880279	0.571978	0.571699	0.571394	0.571064	0.57084	0.790446	0.891818	0.926809	0.934376	0.97632	1.03036	1.01463	0.964293	0.913303	0.873557	0.822433	0.748833	0.694204	0.710095	0.784636	0.83256	0.827294	0.777221	0.710409	0.666103	0.652829	0.635487	0.633703	0.650034	0.668096	0.708191	0.750401	0.83843	0.873374	0.874533	0.898682
31	0.817519	0.880729	0.826062	7.955592	-1.279362	-1.806086	0.611692	0.611348	0.610973	0.610567	0.61028	0.862247	0.979234	1.02248	1.02894	1.07775	1.15278	1.14476	1.07594	1.03123	0.982455	0.923354	0.837542	0.777185	0.793639	0.878586	0.932927	0.929433	0.871982	0.7986	0.74483	0.72418	0.705674	0.69811	0.727752	0.752107	0.777309	0.808808	0.88862	0.981267	0.936532	0.951226
32	0.905428	0.976704	0.909034	8.795848	-1.391759	-1.754896	0.742481	0.742192	0.741877	0.741535	0.741277	0.929287	1.06153	1.11638	1.13313	1.18276	1.27405	1.27038	1.19725	1.1424	1.09626	1.02292	0.927676	0.860251	0.88051	0.975325	1.03529	1.03007	0.967952	0.879572	0.826173	0.799347	0.790647	0.781736	0.814109	0.84209	0.869013	0.908099	0.958875	1.06876	1.12435	1.11279

33	0.901688	0.973723	0.900637	8.770595	-1.428344	-1.660968	0.645934	0.64552	0.64507	0.644582	0.644224	0.924364	1.06138	1.11317	1.12828	1.17424	1.2695	1.26654	1.19015	1.13547	1.09076	1.01965	0.925387	0.85815	0.879487	0.974904	1.03251	1.02711	0.965796	0.879698	0.823872	0.795193	0.783286	0.775933	0.801266	0.843279	0.85403	0.904975	0.9531	1.09078	1.10053	1.08801
34	0.199074	0.196075	0.211648	1.771135	0.404531	-0.942200	0.123614	0.123498	0.123372	0.123236	0.123175	0.261878	0.286618	0.282095	0.269562	0.261268	0.258444	0.242569	0.214767	0.197576	0.191445	0.185961	0.176622	0.17716	0.184236	0.197686	0.204404	0.204464	0.205845	0.193121	0.190108	0.192049	0.195757	0.221841	0.227358	0.234864	0.253576	0.273734	0.291059	0.341745	0.372238	0.432325
35	0.550786	0.430192	0.342895	3.885905	5.491517	0.226032	0.245296	0.245089	0.244864	0.244621	0.244498	0.471439	0.505378	0.490506	0.457047	0.388856	0.339148	0.288624	0.240747	0.221736	0.226026	0.240792	0.225259	0.244868	0.348669	0.502098	0.620267	0.686625	0.698348	0.686066	0.684404	0.690752	0.682327	0.682833	0.701489	0.701266	0.712192	0.73674	0.795335	0.81458	0.80027	0.839252
36	0.482326	0.614594	0.422825	5.551606	-4.452680	1.588873	0.245315	0.244931	0.244513	0.24406	0.243654	0.382409	0.44867	0.473597	0.484129	0.571087	0.701327	0.739276	0.741376	0.744049	0.731824	0.712527	0.695601	0.675194	0.658492	0.64939	0.620217	0.566795	0.50116	0.409784	0.348027	0.313866	0.296258	0.286208	0.31707	0.356128	0.385299	0.420464	0.476638	0.536778	0.610291	0.7107
37	0.298022	0.356271	0.571603	3.218187	-1.837172	-5.243172	0.373867	0.37374	0.3736	0.37345	0.373428	0.602377	0.69913	0.740332	0.75734	0.762287	0.741955	0.704155	0.656083	0.614361	0.554	0.482033	0.400225	0.323688	0.273044	0.252118	0.238481	0.229841	0.221991	0.210583	0.202811	0.211036	0.216386	0.234858	0.263026	0.272356	0.28058	0.301672	0.331905	0.349278	0.348133	0.434843
